5.000000000000000000e+00 7.905694150420949029e+00 1.581138830084189761e+00 3.522243988203200359e-44 3.901088098985674435e+00 2.604412361880738963e-02 1.369452374421193497e+00
5.009999999999999787e+00 7.921505538721790529e+00 1.581138830084189761e+00 3.522243988203200359e-44 3.901088098985674435e+00 2.580746159346609253e-02 1.368843594792903406e+00
5.019999999999999574e+00 7.937316927022632029e+00 1.581138830084189761e+00 3.522243988203200359e-44 3.901088098985674435e+00 2.557295010384944695e-02 1.367626140809585333e+00
5.030000000000000249e+00 7.953128315323475306e+00 1.581138830084189761e+00 3.522243988203200359e-44 3.901088098985674435e+00 2.534056960829555658e-02 1.366709278167631769e+00
5.040000000000000036e+00 7.968939703624316806e+00 1.581138830084189761e+00 3.522243988203200359e-44 3.901088098985674435e+00 2.511030074270966667e-02 1.365896713130423823e+00
5.049999999999999822e+00 7.984751091925158306e+00 1.581138830084189761e+00 3.522243988203200359e-44 3.901088098985674435e+00 2.488212431895059709e-02 1.365010648741065147e+00
5.059999999999999609e+00 8.000562480225999806e+00 1.581138830084189761e+00 3.522243988203200359e-44 3.901088098985674435e+00 2.465602132323236120e-02 1.364205158666065731e+00
5.070000000000000284e+00 8.016373868526843083e+00 1.581138830084189761e+00 3.522243988203200359e-44 3.901088098985674435e+00 2.443197291453985329e-02 1.363263428132926558e+00
5.080000000000000071e+00 8.032185256827684583e+00 1.581138830084189761e+00 3.522243988203200359e-44 3.901088098985674435e+00 2.420996042305932280e-02 1.362406733771451384e+00
5.089999999999999858e+00 8.047996645128526083e+00 1.581138830084189761e+00 3.522243988203200359e-44 3.901088098985674435e+00 2.398996534862297622e-02 1.361558569311006162e+00
5.099999999999999645e+00 8.063808033429367583e+00 1.581138830084189761e+00 3.522243988203200359e-44 3.901088098985674435e+00 2.377196935916740111e-02 1.360766864140308119e+00
5.110000000000000320e+00 8.079619421730210860e+00 1.581138830084189761e+00 3.522243988203200359e-44 3.901088098985674435e+00 2.355595428920650644e-02 1.359881816928373732e+00
5.120000000000000107e+00 8.095430810031052360e+00 1.581138830084189761e+00 3.522243988203200359e-44 3.901088098985674435e+00 2.334190213831788263e-02 1.359008983668458903e+00
5.129999999999999893e+00 8.111242198331893860e+00 1.581138830084189761e+00 3.522243988203200359e-44 3.901088098985674435e+00 2.312979506964332743e-02 1.358182851181272133e+00
5.139999999999999680e+00 8.127053586632735360e+00 1.581138830084189761e+00 3.522243988203200359e-44 3.901088098985674435e+00 2.291961540840236483e-02 1.357349749807997830e+00
5.150000000000000355e+00 8.142864974933578637e+00 1.581138830084189761e+00 3.522243988203200359e-44 3.901088098985674435e+00 2.271134564041996790e-02 1.356529942992393822e+00
5.160000000000000142e+00 8.158676363234420137e+00 1.581138830084189761e+00 3.522243988203200359e-44 3.901088098985674435e+00 2.250496841066734061e-02 1.355688692107520854e+00
5.169999999999999929e+00 8.174487751535261637e+00 1.581138830084189761e+00 3.522243988203200359e-44 3.901088098985674435e+00 2.230046652181576564e-02 1.354884669626739147e+00
5.179999999999999716e+00 8.190299139836103137e+00 1.581138830084189761e+00 3.522243988203200359e-44 3.901088098985674435e+00 2.209782293280369847e-02 1.354053931146462553e+00
5.190000000000000391e+00 8.206110528136944637e+00 1.581138830084189761e+00 3.522243988203200359e-44 3.901088098985674435e+00 2.189702075741735768e-02 1.353262325194914517e+00
5.200000000000000178e+00 8.221921916437787914e+00 1.581138830084189761e+00 3.522243988203200359e-44 3.901088098985674435e+00 2.169804326288338539e-02 1.352434298406535396e+00
5.209999999999999964e+00 8.237733304738629414e+00 1.581138830084189761e+00 3.522243988203200359e-44 3.901088098985674435e+00 2.150087386847471249e-02 1.351557703345457551e+00
5.219999999999999751e+00 8.253544693039470914e+00 1.581138830084189761e+00 3.522243988203200359e-44 3.901088098985674435e+00 2.130549614412947240e-02 1.350754385354064890e+00
5.230000000000000426e+00 8.269356081340312414e+00 1.581138830084189761e+00 3.522243988203200359e-44 3.901088098985674435e+00 2.111189380908145424e-02 1.350048640357944585e+00
5.240000000000000213e+00 8.285167469641153914e+00 1.581138830084189761e+00 3.522243988203200359e-44 3.901088098985674435e+00 2.092005073050421521e-02 1.349096940278035950e+00
5.250000000000000000e+00 8.300978857941995415e+00 1.581138830084189761e+00 3.522243988203200359e-44 3.901088098985674435e+00 2.072995092216630211e-02 1.348483507032216089e+00
5.259999999999999787e+00 8.316790246242838691e+00 1.581138830084189761e+00 3.522243988203200359e-44 3.901088098985674435e+00 2.054157854309984418e-02 1.347542279087718065e+00
5.269999999999999574e+00 8.332601634543680191e+00 1.581138830084189761e+00 3.522243988203200359e-44 3.901088098985674435e+00 2.035491789628012319e-02 1.346727423078261321e+00
5.280000000000000249e+00 8.348413022844521691e+00 1.581138830084189761e+00 3.522243988203200359e-44 3.901088098985674435e+00 2.016995342731808805e-02 1.345978325895397898e+00
5.290000000000000036e+00 8.364224411145363192e+00 1.581138830084189761e+00 3.522243988203200359e-44 3.901088098985674435e+00 1.998666972316424234e-02 1.345206522522662151e+00
5.299999999999999822e+00 8.380035799446204692e+00 1.581138830084189761e+00 3.522243988203200359e-44 3.901088098985674435e+00 1.980505151082430706e-02 1.344427021252979859e+00
5.309999999999999609e+00 8.395847187747046192e+00 1.581138830084189761e+00 3.522243988203200359e-44 3.901088098985674435e+00 1.962508365608659974e-02 1.343659231148081723e+00
5.320000000000000284e+00 8.411658576047889468e+00 1.581138830084189761e+00 3.522243988203200359e-44 3.901088098985674435e+00 1.944675116226133801e-02 1.342939952175048024e+00
5.330000000000000071e+00 8.427469964348730969e+00 1.581138830084189761e+00 3.522243988203200359e-44 3.901088098985674435e+00 1.927003916893072280e-02 1.342152967817110465e+00
5.339999999999999858e+00 8.443281352649572469e+00 1.581138830084189761e+00 3.522243988203200359e-44 3.901088098985674435e+00 1.909493295071091820e-02 1.341388312378642311e+00
5.349999999999999645e+00 8.459092740950413969e+00 1.581138830084189761e+00 3.522243988203200359e-44 3.901088098985674435e+00 1.892141791602505035e-02 1.340628245129815044e+00
5.360000000000000320e+00 8.474904129251257245e+00 1.581138830084189761e+00 3.522243988203200359e-44 3.901088098985674435e+00 1.874947960588738138e-02 1.339883114549444088e+00
5.370000000000000107e+00 8.490715517552098746e+00 1.581138830084189761e+00 3.522243988203200359e-44 3.901088098985674435e+00 1.857910369269855783e-02 1.339206352681638457e+00
5.379999999999999893e+00 8.506526905852940246e+00 1.581138830084189761e+00 3.522243988203200359e-44 3.901088098985674435e+00 1.841027597905178781e-02 1.338399313787463463e+00
5.389999999999999680e+00 8.522338294153781746e+00 1.581138830084189761e+00 3.522243988203200359e-44 3.901088098985674435e+00 1.824298239654981862e-02 1.337684473607619884e+00
5.400000000000000355e+00 8.538149682454625022e+00 1.581138830084189761e+00 3.522243988203200359e-44 3.901088098985674435e+00 1.807720900463277713e-02 1.337031882990733056e+00
5.410000000000000142e+00 8.553961070755466523e+00 1.581138830084189761e+00 3.522243988203200359e-44 3.901088098985674435e+00 1.791294198941651566e-02 1.336258304597363278e+00
5.419999999999999929e+00 8.569772459056308023e+00 1.581138830084189761e+00 3.522243988203200359e-44 3.901088098985674435e+00 1.775016766254161604e-02 1.335497427362276612e+00
5.429999999999999716e+00 8.585583847357149523e+00 1.581138830084189761e+00 3.522243988203200359e-44 3.901088098985674435e+00 1.758887246003280544e-02 1.334805849305508385e+00
5.440000000000000391e+00 8.601395235657992799e+00 1.581138830084189761e+00 3.522243988203200359e-44 3.901088098985674435e+00 1.742904294116875627e-02 1.334053190219729235e+00
5.450000000000000178e+00 8.617206623958834300e+00 1.581138830084189761e+00 3.522243988203200359e-44 3.901088098985674435e+00 1.727066578736210015e-02 1.333381076611128924e+00
5.459999999999999964e+00 8.633018012259675800e+00 1.581138830084189761e+00 3.522243988203200359e-44 3.901088098985674435e+00 1.711372780104971833e-02 1.332642733296423465e+00
5.469999999999999751e+00 8.648829400560517300e+00 1.581138830084189761e+00 3.522243988203200359e-44 3.901088098985674435e+00 1.695821590459300338e-02 1.331920542811142472e+00
5.480000000000000426e+00 8.664640788861360576e+00 1.581138830084189761e+00 3.522243988203200359e-44 3.901088098985674435e+00 1.680411713918817870e-02 1.331212059989088203e+00
5.490000000000000213e+00 8.680452177162202076e+00 1.581138830084189761e+00 3.522243988203200359e-44 3.901088098985674435e+00 1.665141866378650262e-02 1.330523964030940753e+00
5.500000000000000000e+00 8.696263565463043577e+00 1.581138830084189761e+00 3.522243988203200359e-44 3.901088098985674435e+00 1.650010775402427701e-02 1.329880002021395224e+00
5.509999999999999787e+00 8.712074953763885077e+00 1.581138830084189761e+00 3.522243988203200359e-44 3.901088098985674435e+00 1.635017180116258434e-02 1.329163684117349309e+00
5.519999999999999574e+00 8.727886342064726577e+00 1.581138830084189761e+00 3.522243988203200359e-44 3.901088098985674435e+00 1.620159831103664544e-02 1.328529806806361790e+00
5.530000000000000249e+00 8.743697730365569853e+00 1.581138830084189761e+00 3.522243988203200359e-44 3.901088098985674435e+00 1.605437490301473216e-02 1.327273141035712367e+00
5.540000000000000036e+00 8.759509118666411354e+00 1.581138830084189761e+00 3.522243988203200359e-44 3.901088098985674435e+00 1.590848930896655855e-02 1.326891942028617377e+00
5.549999999999999822e+00 8.775320506967252854e+00 1.581138830084189761e+00 3.522243988203200359e-44 3.901088098985674435e+00 1.576392937224097707e-02 1.326152466126293117e+00
5.560000000000000497e+00 8.791131895268096130e+00 1.581138830084189761e+00 3.522243988203200359e-44 3.901088098985674435e+00 1.562068304665305447e-02 1.325756361467315347e+00
5.570000000000000284e+00 8.806943283568937630e+00 1.581138830084189761e+00 3.522243988203200359e-44 3.901088098985674435e+00 1.547873839548026195e-02 1.324565213367588923e+00
5.580000000000000071e+00 8.822754671869779131e+00 1.581138830084189761e+00 3.522243988203200359e-44 3.901088098985674435e+00 1.533808359046795987e-02 1.324129932346127969e+00
5.589999999999999858e+00 8.838566060170620631e+00 1.581138830084189761e+00 3.522243988203200359e-44 3.901088098985674435e+00 1.519870691084350585e-02 1.323271437594334410e+00
5.599999999999999645e+00 8.854377448471462131e+00 1.581138830084189761e+00 3.522243988203200359e-44 3.901088098985674435e+00 1.506059674233991251e-02 1.322568386615941449e+00
5.610000000000000320e+00 8.870188836772305407e+00 1.581138830084189761e+00 3.522243988203200359e-44 3.901088098985674435e+00 1.492374157622784574e-02 1.322199267885767249e+00
5.620000000000000107e+00 8.886000225073146908e+00 1.581138830084189761e+00 3.522243988203200359e-44 3.901088098985674435e+00 1.478813000835684476e-02 1.321534601950127730e+00
5.629999999999999893e+00 8.901811613373988408e+00 1.581138830084189761e+00 3.522243988203200359e-44 3.901088098985674435e+00 1.465375073820473183e-02 1.320863449356171726e+00
5.639999999999999680e+00 8.917623001674829908e+00 1.581138830084189761e+00 3.522243988203200359e-44 3.901088098985674435e+00 1.452059256793637732e-02 1.320235725747285649e+00
5.650000000000000355e+00 8.933434389975673184e+00 1.581138830084189761e+00 3.522243988203200359e-44 3.901088098985674435e+00 1.438864440147017559e-02 1.319526810216382184e+00
5.660000000000000142e+00 8.949245778276514685e+00 1.581138830084189761e+00 3.522243988203200359e-44 3.901088098985674435e+00 1.425789524355388152e-02 1.318580429677486343e+00
5.669999999999999929e+00 8.965057166577356185e+00 1.581138830084189761e+00 3.522243988203200359e-44 3.901088098985674435e+00 1.412833419884796868e-02 1.318185595105669350e+00
5.679999999999999716e+00 8.980868554878197685e+00 1.581138830084189761e+00 3.522243988203200359e-44 3.901088098985674435e+00 1.399995047101816256e-02 1.317337165391637921e+00
5.690000000000000391e+00 8.996679943179040961e+00 1.581138830084189761e+00 3.522243988203200359e-44 3.901088098985674435e+00 1.387273336183539839e-02 1.316887575675641298e+00
5.700000000000000178e+00 9.012491331479882462e+00 1.581138830084189761e+00 3.522243988203200359e-44 3.901088098985674435e+00 1.374667227028475783e-02 1.316065670826453982e+00
5.709999999999999964e+00 9.028302719780723962e+00 1.581138830084189761e+00 3.522243988203200359e-44 3.901088098985674435e+00 1.362175669168183209e-02 1.315410594805665356e+00
5.719999999999999751e+00 9.044114108081565462e+00 1.581138830084189761e+00 3.522243988203200359e-44 3.901088098985674435e+00 1.349797621679742730e-02 1.314773181321102991e+00
5.730000000000000426e+00 9.059925496382408738e+00 1.581138830084189761e+00 3.522243988203200359e-44 3.901088098985674435e+00 1.337532053099028777e-02 1.314451894657334474e+00
5.740000000000000213e+00 9.075736884683250238e+00 1.581138830084189761e+00 3.522243988203200359e-44 3.901088098985674435e+00 1.325377941334758385e-02 1.313476929625838618e+00
5.750000000000000000e+00 9.091548272984091739e+00 1.581138830084189761e+00 3.522243988203200359e-44 3.901088098985674435e+00 1.313334273583313845e-02 1.312941950266326874e+00
5.759999999999999787e+00 9.107359661284933239e+00 1.581138830084189761e+00 3.522243988203200359e-44 3.901088098985674435e+00 1.301400046244344244e-02 1.312338402711140883e+00
5.769999999999999574e+00 9.123171049585774739e+00 1.581138830084189761e+00 3.522243988203200359e-44 3.901088098985674435e+00 1.289574264837161678e-02 1.311627130729158264e+00
5.780000000000000249e+00 9.138982437886618015e+00 1.581138830084189761e+00 3.522243988203200359e-44 3.901088098985674435e+00 1.277855943917837259e-02 1.310980932009927713e+00
5.790000000000000036e+00 9.154793826187459516e+00 1.581138830084189761e+00 3.522243988203200359e-44 3.901088098985674435e+00 1.266244106997123017e-02 1.310668262337531420e+00
5.799999999999999822e+00 9.170605214488301016e+00 1.581138830084189761e+00 3.522243988203200359e-44 3.901088098985674435e+00 1.254737786459045150e-02 1.309785810131082417e+00
5.810000000000000497e+00 9.186416602789142516e+00 1.581138830084189761e+00 3.522243988203200359e-44 3.901088098985674435e+00 1.243336023480310151e-02 1.309047477998940945e+00
5.820000000000000284e+00 9.202227991089984016e+00 1.581138830084189761e+00 3.522243988203200359e-44 3.901088098985674435e+00 1.232037867950380207e-02 1.308625167350889740e+00
5.830000000000000071e+00 9.218039379390827293e+00 1.581138830084189761e+00 3.522243988203200359e-44 3.901088098985674435e+00 1.220842378392313250e-02 1.307894279795192460e+00
5.839999999999999858e+00 9.233850767691668793e+00 1.581138830084189761e+00 3.522243988203200359e-44 3.901088098985674435e+00 1.209748621884312175e-02 1.307221143221411586e+00
5.849999999999999645e+00 9.249662155992510293e+00 1.581138830084189761e+00 3.522243988203200359e-44 3.901088098985674435e+00 1.198755673981982857e-02 1.307045326990810885e+00
5.860000000000000320e+00 9.265473544293351793e+00 1.581138830084189761e+00 3.522243988203200359e-44 3.901088098985674435e+00 1.187862618641294041e-02 1.306132715235531760e+00
5.870000000000000107e+00 9.281284932594193293e+00 1.581138830084189761e+00 3.522243988203200359e-44 3.901088098985674435e+00 1.177068548142265469e-02 1.305371834530451025e+00
5.879999999999999893e+00 9.297096320895034793e+00 1.581138830084189761e+00 3.522243988203200359e-44 3.901088098985674435e+00 1.166372563013305663e-02 1.304927571203845948e+00
5.889999999999999680e+00 9.312907709195878070e+00 1.581138830084189761e+00 3.522243988203200359e-44 3.901088098985674435e+00 1.155773771956272386e-02 1.304254827227723901e+00
5.900000000000000355e+00 9.328719097496719570e+00 1.581138830084189761e+00 3.522243988203200359e-44 3.901088098985674435e+00 1.145271291772198899e-02 1.303696986087149678e+00
5.910000000000000142e+00 9.344530485797561070e+00 1.581138830084189761e+00 3.522243988203200359e-44 3.901088098985674435e+00 1.134864247287697622e-02 1.302993936595495672e+00
5.919999999999999929e+00 9.360341874098402570e+00 1.581138830084189761e+00 3.522243988203200359e-44 3.901088098985674435e+00 1.124551771282033749e-02 1.302461998847280977e+00
5.929999999999999716e+00 9.376153262399244070e+00 1.581138830084189761e+00 3.522243988203200359e-44 3.901088098985674435e+00 1.114333004414859787e-02 1.301861297334886203e+00
5.940000000000000391e+00 9.391964650700087347e+00 1.581138830084189761e+00 3.522243988203200359e-44 4.003802440984025601e+00 1.104207095154607562e-02 1.301398527633176538e+00
5.950000000000000178e+00 9.407776039000928847e+00 1.581138830084189761e+00 3.522243988203200359e-44 3.901088098985674435e+00 1.094173199707531262e-02 1.300814957186528176e+00
5.959999999999999964e+00 9.423587427301770347e+00 1.581138830084189761e+00 3.522243988203200359e-44 3.901088098985674435e+00 1.084230481947395103e-02 1.300182749207937194e+00
5.969999999999999751e+00 9.439398815602611847e+00 1.581138830084189761e+00 3.522243988203200359e-44 3.901088098985674435e+00 1.074378113345797817e-02 1.299533246380327522e+00
5.980000000000000426e+00 9.455210203903455124e+00 1.581138830084189761e+00 3.522243988203200359e-44 3.901088098985674435e+00 1.064615272903134818e-02 1.298969275792072331e+00
5.990000000000000213e+00 9.471021592204296624e+00 1.581138830084189761e+00 3.522243988203200359e-44 3.901088098985674435e+00 1.054941147080182794e-02 1.298440617850594947e+00
6.000000000000000000e+00 9.486832980505138124e+00 1.581138830084189761e+00 3.522243988203200359e-44 3.901088098985674435e+00 1.045354929730308441e-02 1.297915825884984997e+00
6.009999999999999787e+00 9.502644368805979624e+00 1.581138830084189761e+00 3.522243988203200359e-44 3.901088098985674435e+00 1.035855822032294947e-02 1.297422053962153488e+00
6.019999999999999574e+00 9.518455757106821125e+00 1.581138830084189761e+00 3.522243988203200359e-44 3.901088098985674435e+00 1.026443032423772668e-02 1.296904302320133873e+00
6.030000000000000249e+00 9.534267145407664401e+00 1.581138830084189761e+00 3.522243988203200359e-44 3.901088098985674435e+00 1.017115776535261994e-02 1.296159414010785049e+00
6.040000000000000036e+00 9.550078533708505901e+00 1.581138830084189761e+00 3.522243988203200359e-44 3.901088098985674435e+00 1.007873277124812089e-02 1.295607841291212647e+00
6.049999999999999822e+00 9.565889922009347401e+00 1.581138830084189761e+00 3.522243988203200359e-44 3.901088098985674435e+00 9.987147640132327392e-03 1.295005179318908795e+00
6.060000000000000497e+00 9.581701310310190678e+00 1.581138830084189761e+00 3.522243988203200359e-44 3.901088098985674435e+00 9.896394740199140894e-03 1.294459621084844247e+00
6.070000000000000284e+00 9.597512698611032178e+00 1.581138830084189761e+00 3.522243988203200359e-44 3.901088098985674435e+00 9.806466508992403575e-03 1.293971901036281569e+00
6.080000000000000071e+00 9.613324086911873678e+00 1.581138830084189761e+00 3.522243988203200359e-44 3.901088098985674435e+00 9.717355452775548394e-03 1.293347725150280070e+00
6.089999999999999858e+00 9.629135475212715178e+00 1.581138830084189761e+00 3.522243988203200359e-44 3.901088098985674435e+00 9.629054145907322421e-03 1.292798282426888878e+00
6.099999999999999645e+00 9.644946863513556679e+00 1.581138830084189761e+00 3.522243988203200359e-44 3.901088098985674435e+00 9.541555230222922498e-03 1.292278750284073352e+00
6.110000000000000320e+00 9.660758251814399955e+00 1.581138830084189761e+00 3.522243988203200359e-44 3.901088098985674435e+00 9.454851414420874581e-03 1.291740896659752114e+00
6.120000000000000107e+00 9.676569640115241455e+00 1.581138830084189761e+00 3.522243988203200359e-44 3.901088098985674435e+00 9.368935473455408669e-03 1.291169724679565922e+00
6.129999999999999893e+00 9.692381028416082955e+00 1.581138830084189761e+00 3.522243988203200359e-44 3.901088098985674435e+00 9.283800247934504563e-03 1.290651849363214643e+00
6.140000000000000568e+00 9.708192416716926232e+00 1.581138830084189761e+00 3.522243988203200359e-44 3.901088098985674435e+00 9.199438643523114023e-03 1.290105281310904406e+00
6.150000000000000355e+00 9.724003805017767732e+00 1.581138830084189761e+00 3.522243988203200359e-44 3.901088098985674435e+00 9.115843630352222018e-03 1.289580647302094096e+00
6.160000000000000142e+00 9.739815193318609232e+00 1.581138830084189761e+00 3.522243988203200359e-44 3.901088098985674435e+00 9.033008242432871010e-03 1.289060762453247744e+00
6.169999999999999929e+00 9.755626581619450732e+00 1.581138830084189761e+00 3.522243988203200359e-44 3.901088098985674435e+00 8.950925577075783193e-03 1.288508864459962044e+00
6.179999999999999716e+00 9.771437969920292232e+00 1.581138830084189761e+00 3.522243988203200359e-44 3.901088098985674435e+00 8.869588794316067212e-03 1.288070922950941721e+00
6.189999999999999503e+00 9.787249358221133733e+00 1.581138830084189761e+00 3.522243988203200359e-44 3.901088098985674435e+00 8.788991116343417009e-03 1.287486152915501059e+00
6.200000000000000178e+00 9.803060746521977009e+00 1.581138830084189761e+00 3.522243988203200359e-44 3.901088098985674435e+00 8.709125826937095041e-03 1.286895163191588143e+00
6.209999999999999964e+00 9.818872134822818509e+00 1.581138830084189761e+00 3.522243988203200359e-44 3.901088098985674435e+00 8.629986270906485693e-03 1.286423549522476950e+00
6.219999999999999751e+00 9.834683523123660009e+00 1.581138830084189761e+00 3.522243988203200359e-44 3.901088098985674435e+00 8.551565853536384487e-03 1.285902578671075824e+00
6.230000000000000426e+00 9.850494911424503286e+00 1.581138830084189761e+00 3.522243988203200359e-44 3.901088098985674435e+00 8.473858040037444625e-03 1.285372238483380780e+00
6.240000000000000213e+00 9.866306299725344786e+00 1.581138830084189761e+00 3.522243988203200359e-44 3.901088098985674435e+00 8.396856355001808617e-03 1.284889102784888770e+00
6.250000000000000000e+00 9.882117688026186286e+00 1.581138830084189761e+00 3.522243988203200359e-44 3.901088098985674435e+00 8.320554381863255397e-03 1.284347084525570892e+00
6.259999999999999787e+00 9.897929076327027786e+00 1.581138830084189761e+00 3.522243988203200359e-44 4.003802440984025601e+00 8.244945762362784064e-03 1.283747310095604943e+00
6.269999999999999574e+00 9.913740464627869287e+00 1.581138830084189761e+00 3.522243988203200359e-44 4.003802440984025601e+00 8.170024196018536161e-03 1.283341570382166896e+00
6.280000000000000249e+00 9.929551852928712563e+00 1.581138830084189761e+00 3.522243988203200359e-44 3.901088098985674435e+00 8.095783439600930803e-03 1.282810171516133302e+00
6.290000000000000036e+00 9.945363241229554063e+00 1.581138830084189761e+00 3.522243988203200359e-44 3.901088098985674435e+00 8.022217306612402024e-03 1.282297829293662428e+00
6.299999999999999822e+00 9.961174629530395563e+00 1.581138830084189761e+00 3.522243988203200359e-44 3.901088098985674435e+00 7.949319666771825083e-03 1.281753827344623620e+00
6.310000000000000497e+00 9.976986017831238840e+00 1.581138830084189761e+00 3.522243988203200359e-44 3.901088098985674435e+00 7.877084445503661214e-03 1.281298575288117192e+00
6.320000000000000284e+00 9.992797406132080340e+00 1.581138830084189761e+00 3.522243988203200359e-44 3.901088098985674435e+00 7.805505623431892824e-03 1.280836955810432443e+00
6.330000000000000071e+00 1.000860879443292184e+01 1.581138830084189761e+00 3.522243988203200359e-44 4.003802440984025601e+00 7.734577235878292018e-03 1.280294585334304180e+00
6.339999999999999858e+00 1.002442018273376334e+01 1.581138830084189761e+00 3.522243988203200359e-44 3.901088098985674435e+00 7.664293372365449213e-03 1.279734741722081237e+00
6.349999999999999645e+00 1.004023157103460484e+01 1.581138830084189761e+00 3.522243988203200359e-44 3.901088098985674435e+00 7.594648176124250451e-03 1.279320035819642598e+00
6.360000000000000320e+00 1.005604295933544812e+01 1.581138830084189761e+00 3.522243988203200359e-44 3.901088098985674435e+00 7.525635843605816416e-03 1.278763489180464674e+00
6.370000000000000107e+00 1.007185434763628962e+01 1.581138830084189761e+00 3.522243988203200359e-44 3.901088098985674435e+00 7.457250623997911838e-03 1.278256434451602530e+00
6.379999999999999893e+00 1.008766573593713112e+01 1.581138830084189761e+00 3.522243988203200359e-44 3.901088098985674435e+00 7.389486818745709049e-03 1.277754028813204989e+00
6.390000000000000568e+00 1.010347712423797262e+01 1.581138830084189761e+00 3.522243988203200359e-44 4.003802440984025601e+00 7.322338781076952532e-03 1.277329997538231954e+00
6.400000000000000355e+00 1.011928851253881589e+01 1.581138830084189761e+00 3.522243988203200359e-44 3.901088098985674435e+00 7.255800915531395237e-03 1.276767879947349194e+00
6.410000000000000142e+00 1.013509990083965739e+01 1.581138830084189761e+00 3.522243988203200359e-44 4.003802440984025601e+00 7.189867677494535259e-03 1.276272788465919739e+00
6.419999999999999929e+00 1.015091128914049889e+01 1.581138830084189761e+00 3.522243988203200359e-44 3.901088098985674435e+00 7.124533572735586122e-03 1.275867673361189780e+00
6.429999999999999716e+00 1.016672267744134039e+01 1.581138830084189761e+00 3.522243988203200359e-44 3.901088098985674435e+00 7.059793156949633816e-03 1.275378584251746883e+00
6.439999999999999503e+00 1.018253406574218189e+01 1.581138830084189761e+00 3.522243988203200359e-44 3.901088098985674435e+00 6.995641035303975380e-03 1.274887854744275906e+00
6.450000000000000178e+00 1.019834545404302339e+01 1.581138830084189761e+00 3.522243988203200359e-44 4.003802440984025601e+00 6.932071861988555773e-03 1.274337495713322888e+00
6.459999999999999964e+00 1.021415684234386667e+01 1.581138830084189761e+00 3.522243988203200359e-44 3.901088098985674435e+00 6.869080339770511703e-03 1.273943069419125607e+00
6.469999999999999751e+00 1.022996823064470817e+01 1.581138830084189761e+00 3.522243988203200359e-44 4.003802440984025601e+00 6.806661219552728737e-03 1.273454742363540948e+00
6.480000000000000426e+00 1.024577961894554967e+01 1.581138830084189761e+00 3.522243988203200359e-44 3.901088098985674435e+00 6.744809299936507102e-03 1.272907242996784483e+00
6.490000000000000213e+00 1.026159100724639117e+01 1.581138830084189761e+00 3.522243988203200359e-44 3.901088098985674435e+00 6.683519426788005723e-03 1.272619768415005570e+00
6.500000000000000000e+00 1.027740239554723267e+01 1.581138830084189761e+00 3.522243988203200359e-44 3.901088098985674435e+00 6.622786492808846980e-03 1.271979161893715293e+00
6.509999999999999787e+00 1.029321378384807417e+01 1.581138830084189761e+00 3.522243988203200359e-44 3.901088098985674435e+00 6.562605437110523993e-03 1.271662927044125535e+00
6.519999999999999574e+00 1.030902517214891745e+01 1.581138830084189761e+00 3.522243988203200359e-44 4.003802440984025601e+00 6.502971244792634699e-03 1.271206024461833284e+00
6.530000000000000249e+00 1.032483656044975895e+01 1.581138830084189761e+00 3.522243988203200359e-44 3.901088098985674435e+00 6.443878946524936660e-03 1.270675855584787239e+00
6.540000000000000036e+00 1.034064794875060045e+01 1.581138830084189761e+00 3.522243988203200359e-44 3.901088098985674435e+00 6.385323618133406480e-03 1.270196196687298995e+00
6.549999999999999822e+00 1.035645933705144195e+01 1.581138830084189761e+00 3.522243988203200359e-44 4.003802440984025601e+00 6.327300380189809434e-03 1.269701731144504020e+00
6.560000000000000497e+00 1.037227072535228523e+01 1.581138830084189761e+00 3.522243988203200359e-44 4.003802440984025601e+00 6.269804397605087225e-03 1.269208264799584818e+00
6.570000000000000284e+00 1.038808211365312673e+01 1.581138830084189761e+00 3.522243988203200359e-44 3.901088098985674435e+00 6.212830879226439833e-03 1.268755237763353527e+00
6.580000000000000071e+00 1.040389350195396823e+01 1.581138830084189761e+00 3.522243988203200359e-44 3.901088098985674435e+00 6.156375077438180389e-03 1.268392255130863067e+00
6.589999999999999858e+00 1.041970489025480973e+01 1.581138830084189761e+00 3.522243988203200359e-44 3.901088098985674435e+00 6.100432287765992709e-03 1.268021490642922577e+00
6.599999999999999645e+00 1.043551627855565123e+01 1.581138830084189761e+00 3.522243988203200359e-44 3.901088098985674435e+00 6.044997848484990471e-03 1.267410048553169410e+00
6.610000000000000320e+00 1.045132766685649450e+01 1.581138830084189761e+00 3.522243988203200359e-44 3.901088098985674435e+00 5.990067140231176458e-03 1.266919241997004564e+00
6.620000000000000107e+00 1.046713905515733600e+01 1.581138830084189761e+00 3.522243988203200359e-44 4.003802440984025601e+00 5.935635585616621905e-03 1.266656095733817100e+00
6.629999999999999893e+00 1.048295044345817750e+01 1.581138830084189761e+00 3.522243988203200359e-44 3.901088098985674435e+00 5.881698648847939227e-03 1.265912170112274637e+00
6.640000000000000568e+00 1.049876183175902078e+01 1.581138830084189761e+00 3.522243988203200359e-44 4.003802440984025601e+00 5.828251835348311795e-03 1.265710036742006661e+00
6.650000000000000355e+00 1.051457322005986228e+01 1.581138830084189761e+00 3.522243988203200359e-44 3.901088098985674435e+00 5.775290691383053003e-03 1.265144793519687116e+00
6.660000000000000142e+00 1.053038460836070378e+01 1.581138830084189761e+00 3.522243988203200359e-44 3.901088098985674435e+00 5.722810803688374581e-03 1.264794079939996818e+00
6.669999999999999929e+00 1.054619599666154528e+01 1.581138830084189761e+00 3.522243988203200359e-44 3.901088098985674435e+00 5.670807799103692870e-03 1.264331166164552434e+00
6.679999999999999716e+00 1.056200738496238678e+01 1.581138830084189761e+00 3.522243988203200359e-44 3.901088098985674435e+00 5.619277344207154745e-03 1.264005484988736328e+00
6.689999999999999503e+00 1.057781877326322828e+01 1.581138830084189761e+00 3.522243988203200359e-44 4.003802440984025601e+00 5.568215144954587886e-03 1.263420231185192755e+00
6.700000000000000178e+00 1.059363016156407156e+01 1.581138830084189761e+00 3.522243988203200359e-44 3.901088098985674435e+00 5.517616946321692376e-03 1.263029496039879129e+00
6.709999999999999964e+00 1.060944154986491306e+01 1.581138830084189761e+00 3.522243988203200359e-44 3.901088098985674435e+00 5.467478531949370411e-03 1.262551567388697560e+00
6.719999999999999751e+00 1.062525293816575456e+01 1.581138830084189761e+00 3.522243988203200359e-44 4.003802440984025601e+00 5.417795723792481234e-03 1.262110474224064305e+00
6.730000000000000426e+00 1.064106432646659783e+01 1.581138830084189761e+00 3.522243988203200359e-44 3.901088098985674435e+00 5.368564381771613603e-03 1.261708008354074817e+00
6.740000000000000213e+00 1.065687571476743933e+01 1.581138830084189761e+00 3.522243988203200359e-44 3.901088098985674435e+00 5.319780403428198481e-03 1.261177772959072518e+00
6.750000000000000000e+00 1.067268710306828083e+01 1.581138830084189761e+00 3.522243988203200359e-44 3.830429148120697569e+00 5.271439723582458867e-03 1.260769233766916297e+00
6.759999999999999787e+00 1.068849849136912233e+01 1.581138830084189761e+00 3.522243988203200359e-44 3.901088098985674435e+00 5.223538313994843807e-03 1.248947460816299593e+00
6.769999999999999574e+00 1.070430987966996383e+01 1.581138830084189761e+00 3.522243988203200359e-44 3.901088098985674435e+00 5.176072183030287419e-03 1.260052399694669756e+00
6.780000000000000249e+00 1.072012126797080711e+01 1.581138830084189761e+00 3.522243988203200359e-44 3.901088098985674435e+00 5.129037375325563516e-03 1.259668289920550910e+00
6.790000000000000036e+00 1.073593265627164861e+01 1.581138830084189761e+00 3.522243988203200359e-44 3.901088098985674435e+00 5.082429971459690755e-03 1.259295066150850184e+00
6.799999999999999822e+00 1.075174404457249011e+01 1.581138830084189761e+00 3.522243988203200359e-44 4.003802440984025601e+00 5.036246087627349252e-03 1.258850049532603155e+00
6.810000000000000497e+00 1.076755543287333339e+01 1.581138830084189761e+00 3.522243988203200359e-44 4.003802440984025601e+00 4.990481875315267053e-03 1.258369148457379794e+00
6.820000000000000284e+00 1.078336682117417489e+01 1.581138830084189761e+00 3.522243988203200359e-44 3.901088098985674435e+00 4.945133520981427264e-03 1.246690183714743494e+00
6.830000000000000071e+00 1.079917820947501639e+01 1.581138830084189761e+00 3.522243988203200359e-44 4.003802440984025601e+00 4.900197245737376861e-03 1.246291198114831023e+00
6.839999999999999858e+00 1.081498959777585789e+01 1.581138830084189761e+00 3.522243988203200359e-44 4.003802440984025601e+00 4.855669305033312802e-03 1.257144976571645367e+00
6.849999999999999645e+00 1.083080098607669939e+01 1.581138830084189761e+00 3.522243988203200359e-44 3.901088098985674435e+00 4.811545988346016545e-03 1.256586061286462108e+00
6.860000000000000320e+00 1.084661237437754266e+01 1.581138830084189761e+00 3.522243988203200359e-44 4.003802440984025601e+00 4.767823618869679488e-03 1.256200849480793025e+00
6.870000000000000107e+00 1.086242376267838416e+01 1.581138830084189761e+00 3.522243988203200359e-44 3.901088098985674435e+00 4.724498553209503966e-03 1.255764288877911916e+00
6.879999999999999893e+00 1.087823515097922566e+01 1.581138830084189761e+00 3.522243988203200359e-44 3.901088098985674435e+00 4.681567181078115369e-03 1.255513104096282806e+00
6.890000000000000568e+00 1.089404653928006894e+01 1.581138830084189761e+00 3.522243988203200359e-44 3.901088098985674435e+00 4.639025924994701240e-03 1.243819194845400045e+00
6.900000000000000355e+00 1.090985792758091044e+01 1.581138830084189761e+00 3.522243988203200359e-44 4.003802440984025601e+00 4.596871239986877362e-03 1.254507832515852961e+00
6.910000000000000142e+00 1.092566931588175194e+01 1.581138830084189761e+00 3.522243988203200359e-44 3.901088098985674435e+00 4.555099613295354559e-03 1.243143664542645688e+00
6.919999999999999929e+00 1.094148070418259344e+01 1.581138830084189761e+00 3.522243988203200359e-44 3.901088098985674435e+00 4.513707564081136450e-03 1.253635502402521418e+00
6.929999999999999716e+00 1.095729209248343494e+01 1.581138830084189761e+00 3.522243988203200359e-44 4.003802440984025601e+00 4.472691643135550017e-03 1.241093444073527952e+00
6.939999999999999503e+00 1.097310348078427644e+01 1.581138830084189761e+00 3.522243988203200359e-44 4.003802440984025601e+00 4.432048432592693502e-03 1.252995652762327161e+00
6.950000000000000178e+00 1.098891486908511972e+01 1.581138830084189761e+00 3.522243988203200359e-44 3.901088098985674435e+00 4.391774545644755272e-03 1.241482476223629394e+00
6.959999999999999964e+00 1.100472625738596122e+01 1.581138830084189761e+00 3.522243988203200359e-44 4.003802440984025601e+00 4.351866626259739620e-03 1.252284995591117944e+00
6.969999999999999751e+00 1.102053764568680272e+01 1.581138830084189761e+00 3.522243988203200359e-44 3.901088098985674435e+00 4.312321348901818931e-03 1.251883458991875919e+00
6.980000000000000426e+00 1.103634903398764600e+01 1.581138830084189761e+00 3.522243988203200359e-44 3.901088098985674435e+00 4.273135418254136141e-03 1.251348416720329482e+00
6.990000000000000213e+00 1.105216042228848750e+01 1.581138830084189761e+00 3.522243988203200359e-44 3.901088098985674435e+00 4.234305568944341999e-03 1.251037284265004601e+00
7.000000000000000000e+00 1.106797181058932900e+01 1.581138830084189761e+00 3.522243988203200359e-44 3.901088098985674435e+00 4.195828565272408280e-03 1.250657647700174735e+00
7.009999999999999787e+00 1.108378319889017050e+01 1.581138830084189761e+00 3.522243988203200359e-44 4.003802440984025601e+00 4.157701200941007515e-03 1.250109510821067360e+00
7.019999999999999574e+00 1.109959458719101200e+01 1.581138830084189761e+00 3.522243988203200359e-44 3.901088098985674435e+00 4.119920298788290990e-03 1.249910839072458479e+00
7.030000000000000249e+00 1.111540597549185527e+01 1.581138830084189761e+00 3.522243988203200359e-44 4.003802440984025601e+00 4.082482710523241062e-03 1.249309389071761256e+00
7.040000000000000036e+00 1.113121736379269677e+01 1.581138830084189761e+00 3.522243988203200359e-44 3.901088098985674435e+00 4.045385316463240462e-03 1.244063647772220449e+00
7.049999999999999822e+00 1.114702875209353827e+01 1.581138830084189761e+00 3.522243988203200359e-44 4.003802440984025601e+00 4.008625025274128312e-03 1.248709404555736313e+00
7.060000000000000497e+00 1.116284014039437977e+01 1.581138830084189761e+00 3.522243988203200359e-44 3.901088098985674435e+00 3.972198773712572878e-03 1.236284759891658869e+00
7.070000000000000284e+00 1.117865152869522127e+01 1.581138830084189761e+00 3.522243988203200359e-44 3.901088098985674435e+00 3.936103526370880734e-03 1.247891587989623297e+00
7.080000000000000071e+00 1.119446291699606277e+01 1.581138830084189761e+00 3.522243988203200359e-44 3.901088098985674435e+00 3.900336275423991247e-03 1.247463592776713925e+00
7.089999999999999858e+00 1.121027430529690605e+01 1.581138830084189761e+00 3.522243988203200359e-44 3.901088098985674435e+00 3.864894040378858905e-03 1.242523108667190401e+00
7.099999999999999645e+00 1.122608569359774755e+01 1.581138830084189761e+00 3.522243988203200359e-44 4.003802440984025601e+00 3.829773867826069111e-03 1.246811603993573936e+00
7.109999999999999432e+00 1.124189708189858905e+01 1.581138830084189761e+00 3.522243988203200359e-44 3.901088098985674435e+00 3.794972831193760710e-03 1.235737105497521249e+00
7.120000000000000107e+00 1.125770847019943055e+01 1.581138830084189761e+00 3.522243988203200359e-44 4.003802440984025601e+00 3.760488030503755536e-03 1.245971433602148792e+00
7.129999999999999893e+00 1.127351985850027205e+01 1.581138830084189761e+00 3.522243988203200359e-44 3.901088098985674435e+00 3.726316592129848976e-03 1.245623281192446363e+00
7.140000000000000568e+00 1.128933124680111533e+01 1.581138830084189761e+00 3.522243988203200359e-44 3.901088098985674435e+00 3.692455668558402519e-03 1.245313479408780122e+00
7.150000000000000355e+00 1.130514263510195683e+01 1.581138830084189761e+00 3.522243988203200359e-44 3.901088098985674435e+00 3.658902438151071315e-03 1.244858317882882259e+00
7.160000000000000142e+00 1.132095402340279833e+01 1.581138830084189761e+00 3.522243988203200359e-44 4.003802440984025601e+00 3.625654104909602996e-03 1.244502274388183505e+00
7.169999999999999929e+00 1.133676541170363983e+01 1.581138830084189761e+00 3.522243988203200359e-44 4.003802440984025601e+00 3.592707898242924157e-03 1.244184567614464054e+00
7.179999999999999716e+00 1.135257680000448133e+01 1.581138830084189761e+00 3.522243988203200359e-44 3.901088098985674435e+00 3.560061072736221341e-03 1.243690615701757540e+00
7.189999999999999503e+00 1.136838818830532283e+01 1.581138830084189761e+00 3.522243988203200359e-44 4.003802440984025601e+00 3.527710907922198668e-03 1.243384716545844260e+00
7.200000000000000178e+00 1.138419957660616610e+01 1.581138830084189761e+00 3.522243988203200359e-44 4.003802440984025601e+00 3.495654708054346874e-03 1.243073712396121078e+00
7.209999999999999964e+00 1.140001096490700760e+01 1.581138830084189761e+00 3.522243988203200359e-44 3.901088098985674435e+00 3.463889801882302690e-03 1.242635432063185164e+00
7.220000000000000639e+00 1.141582235320785088e+01 1.581138830084189761e+00 3.522243988203200359e-44 4.003802440984025601e+00 3.432413542429305943e-03 1.235693665752711334e+00
7.230000000000000426e+00 1.143163374150869238e+01 1.581138830084189761e+00 3.522243988203200359e-44 3.830429148120697569e+00 3.401223306771590429e-03 1.241898228135322579e+00
7.240000000000000213e+00 1.144744512980953388e+01 1.581138830084189761e+00 3.522243988203200359e-44 4.003802440984025601e+00 3.370316495819772763e-03 1.234523276167166950e+00
7.250000000000000000e+00 1.146325651811037538e+01 1.581138830084189761e+00 3.522243988203200359e-44 3.901088098985674435e+00 3.339690534102348479e-03 1.236319955018814420e+00
7.259999999999999787e+00 1.147906790641121688e+01 1.581138830084189761e+00 3.522243988203200359e-44 3.901088098985674435e+00 3.309342869551047325e-03 1.234276955718170754e+00
7.269999999999999574e+00 1.149487929471205838e+01 1.581138830084189761e+00 3.522243988203200359e-44 3.901088098985674435e+00 3.279270973288146186e-03 1.240446921289571014e+00
7.280000000000000249e+00 1.151069068301290166e+01 1.581138830084189761e+00 3.522243988203200359e-44 3.901088098985674435e+00 3.249472339415760466e-03 1.219343786910682237e+00
7.290000000000000036e+00 1.152650207131374316e+01 1.581138830084189761e+00 3.522243988203200359e-44 4.003802440984025601e+00 3.219944484807019374e-03 1.229111998817289830e+00
7.300000000000000711e+00 1.154231345961458644e+01 1.581138830084189761e+00 3.522243988203200359e-44 3.901088098985674435e+00 3.190684948899147246e-03 1.232392602329008380e+00
7.310000000000000497e+00 1.155812484791542794e+01 1.581138830084189761e+00 3.522243988203200359e-44 4.003802440984025601e+00 3.161691293488450884e-03 1.239091356602831429e+00
7.320000000000000284e+00 1.157393623621626944e+01 1.581138830084189761e+00 3.522243988203200359e-44 3.901088098985674435e+00 3.132961102527059838e-03 1.221745642420545064e+00
7.330000000000000071e+00 1.158974762451711094e+01 1.581138830084189761e+00 3.522243988203200359e-44 4.003802440984025601e+00 3.104491981921715400e-03 1.238339340937372857e+00
7.339999999999999858e+00 1.160555901281795244e+01 1.581138830084189761e+00 3.522243988203200359e-44 3.901088098985674435e+00 3.076281559334183725e-03 1.227410945495541306e+00
7.349999999999999645e+00 1.162137040111879394e+01 1.581138830084189761e+00 3.522243988203200359e-44 3.901088098985674435e+00 3.048327483983584961e-03 1.230913512594561166e+00
7.359999999999999432e+00 1.163718178941963544e+01 1.581138830084189761e+00 3.522243988203200359e-44 3.901088098985674435e+00 3.020627426450528223e-03 1.225958311075351581e+00
7.370000000000000107e+00 1.165299317772047871e+01 1.581138830084189761e+00 3.522243988203200359e-44 3.901088098985674435e+00 2.993179078482973918e-03 1.220272155120250890e+00
7.379999999999999893e+00 1.166880456602132021e+01 1.581138830084189761e+00 3.522243988203200359e-44 4.003802440984025601e+00 2.965980152803916661e-03 1.219499327561095914e+00
7.390000000000000568e+00 1.168461595432216349e+01 1.581138830084189761e+00 3.522243988203200359e-44 4.003802440984025601e+00 2.939028382920729193e-03 1.231317500462060233e+00
7.400000000000000355e+00 1.170042734262300499e+01 1.581138830084189761e+00 3.522243988203200359e-44 4.003802440984025601e+00 2.912321522936368087e-03 1.229066769295424688e+00
7.410000000000000142e+00 1.171623873092384649e+01 1.581138830084189761e+00 3.522243988203200359e-44 3.901088098985674435e+00 2.885857347362161523e-03 1.218025051708445883e+00
7.419999999999999929e+00 1.173205011922468799e+01 1.581138830084189761e+00 3.522243988203200359e-44 3.901088098985674435e+00 2.859633650932417222e-03 1.222987511615675871e+00
7.429999999999999716e+00 1.174786150752552949e+01 1.581138830084189761e+00 3.522243988203200359e-44 3.901088098985674435e+00 2.833648248420571683e-03 1.228113022461164494e+00
7.439999999999999503e+00 1.176367289582637099e+01 1.581138830084189761e+00 3.522243988203200359e-44 4.003802440984025601e+00 2.807898974457181691e-03 1.224370951607253843e+00
7.450000000000000178e+00 1.177948428412721427e+01 1.581138830084189761e+00 3.522243988203200359e-44 3.901088098985674435e+00 2.782383683349449327e-03 1.218923678143209788e+00
7.459999999999999964e+00 1.179529567242805577e+01 1.581138830084189761e+00 3.522243988203200359e-44 3.901088098985674435e+00 2.757100248902427490e-03 1.219920370084201844e+00
7.470000000000000639e+00 1.181110706072889904e+01 1.581138830084189761e+00 3.522243988203200359e-44 3.901088098985674435e+00 2.732046564241793173e-03 1.222242110303552565e+00
7.480000000000000426e+00 1.182691844902974054e+01 1.581138830084189761e+00 3.522243988203200359e-44 3.901088098985674435e+00 2.707220541638369771e-03 1.212850870893548816e+00
7.490000000000000213e+00 1.184272983733058204e+01 1.581138830084189761e+00 3.522243988203200359e-44 4.003802440984025601e+00 2.682620112334099631e-03 1.232844098555953671e+00
7.500000000000000000e+00 1.185854122563142354e+01 1.581138830084189761e+00 3.522243988203200359e-44 3.901088098985674435e+00 2.658243226369665438e-03 1.222126963910734165e+00
7.509999999999999787e+00 1.187435261393226504e+01 1.581138830084189761e+00 3.522243988203200359e-44 3.901088098985674435e+00 2.634087852413639040e-03 1.232169489703651255e+00
7.519999999999999574e+00 1.189016400223310654e+01 1.581138830084189761e+00 3.522243988203200359e-44 4.003802440984025601e+00 2.610151977593279122e-03 1.224536173276263629e+00
7.530000000000000249e+00 1.190597539053394982e+01 1.581138830084189761e+00 3.522243988203200359e-44 4.003802440984025601e+00 2.586433607326728366e-03 1.216870970860749246e+00
7.540000000000000036e+00 1.192178677883479132e+01 1.581138830084189761e+00 3.522243988203200359e-44 4.003802440984025601e+00 2.562930765156857301e-03 1.221165275605236911e+00
7.550000000000000711e+00 1.193759816713563460e+01 1.581138830084189761e+00 3.522243988203200359e-44 3.901088098985674435e+00 2.539641492586506340e-03 1.219872821213247027e+00
7.560000000000000497e+00 1.195340955543647610e+01 1.581138830084189761e+00 3.522243988203200359e-44 3.901088098985674435e+00 2.516563848915353251e-03 1.213611445922988530e+00
7.570000000000000284e+00 1.196922094373731760e+01 1.581138830084189761e+00 3.522243988203200359e-44 3.901088098985674435e+00 2.493695911078143250e-03 1.222830530122715587e+00
7.580000000000000071e+00 1.198503233203815910e+01 1.581138830084189761e+00 3.522243988203200359e-44 4.003802440984025601e+00 2.471035773484449999e-03 1.218932374256442852e+00
7.589999999999999858e+00 1.200084372033900060e+01 1.581138830084189761e+00 3.522243988203200359e-44 4.003802440984025601e+00 2.448581547859898094e-03 1.216050294951367405e+00
7.599999999999999645e+00 1.201665510863984210e+01 1.581138830084189761e+00 3.522243988203200359e-44 4.003802440984025601e+00 2.426331363088795462e-03 1.217843143986513610e+00
7.609999999999999432e+00 1.203246649694068360e+01 1.581138830084189761e+00 3.522243988203200359e-44 3.901088098985674435e+00 2.404283365058234190e-03 1.216866164419093010e+00
7.620000000000000107e+00 1.204827788524152687e+01 1.581138830084189761e+00 3.522243988203200359e-44 4.003802440984025601e+00 2.382435716503561798e-03 1.221331111817801407e+00
7.629999999999999893e+00 1.206408927354236837e+01 1.581138830084189761e+00 3.522243988203200359e-44 4.003802440984025601e+00 2.360786596855283647e-03 1.214419922772421945e+00
7.640000000000000568e+00 1.207990066184320987e+01 1.581138830084189761e+00 3.522243988203200359e-44 3.901088098985674435e+00 2.339334202087388695e-03 1.214756596628032259e+00
7.650000000000000355e+00 1.209571205014405137e+01 1.581138830084189761e+00 3.522243988203200359e-44 4.003802440984025601e+00 2.318076744566967187e-03 1.213199103873485285e+00
7.660000000000000142e+00 1.211152343844489465e+01 1.581138830084189761e+00 3.522243988203200359e-44 4.003802440984025601e+00 2.297012452905291581e-03 1.220654658069680432e+00
7.669999999999999929e+00 1.212733482674573615e+01 1.581138830084189761e+00 3.522243988203200359e-44 4.003802440984025601e+00 2.276139571810179008e-03 1.209896755046427907e+00
7.679999999999999716e+00 1.214314621504657765e+01 1.581138830084189761e+00 3.522243988203200359e-44 3.830429148120697569e+00 2.255456361939745403e-03 1.206569655955834319e+00
7.689999999999999503e+00 1.215895760334741915e+01 1.581138830084189761e+00 3.522243988203200359e-44 3.901088098985674435e+00 2.234961099757442910e-03 1.213000225194679427e+00
7.700000000000000178e+00 1.217476899164826065e+01 1.581138830084189761e+00 3.522243988203200359e-44 3.901088098985674435e+00 2.214652077388436485e-03 1.212363900450542875e+00
7.709999999999999964e+00 1.219058037994910215e+01 1.581138830084189761e+00 3.522243988203200359e-44 4.003802440984025601e+00 2.194527602477320139e-03 1.215713544800994361e+00
7.720000000000000639e+00 1.220639176824994543e+01 1.581138830084189761e+00 3.522243988203200359e-44 4.003802440984025601e+00 2.174585998047055737e-03 1.209092533607742492e+00
7.730000000000000426e+00 1.222220315655078693e+01 1.581138830084189761e+00 3.522243988203200359e-44 4.003802440984025601e+00 2.154825602359233643e-03 1.212035394322048765e+00
7.740000000000000213e+00 1.223801454485162843e+01 1.581138830084189761e+00 3.522243988203200359e-44 4.003802440984025601e+00 2.135244768775631380e-03 1.211586863239407119e+00
7.750000000000000000e+00 1.225382593315246993e+01 1.581138830084189761e+00 3.522243988203200359e-44 4.003802440984025601e+00 2.115841865620963613e-03 1.208172555463210340e+00
7.759999999999999787e+00 1.226963732145331143e+01 1.581138830084189761e+00 3.522243988203200359e-44 3.901088098985674435e+00 2.096615276046932732e-03 1.216914791211431535e+00
7.769999999999999574e+00 1.228544870975415293e+01 1.581138830084189761e+00 3.522243988203200359e-44 3.901088098985674435e+00 2.077563397897481609e-03 1.207446792446999595e+00
7.780000000000000249e+00 1.230126009805499621e+01 1.581138830084189761e+00 3.522243988203200359e-44 3.901088098985674435e+00 2.058684643575302720e-03 1.207175340009699838e+00
7.790000000000000036e+00 1.231707148635583771e+01 1.581138830084189761e+00 3.522243988203200359e-44 3.901088098985674435e+00 2.039977439909543798e-03 1.206703212913309287e+00
7.800000000000000711e+00 1.233288287465668098e+01 1.581138830084189761e+00 3.522243988203200359e-44 4.003802440984025601e+00 2.021440228024695696e-03 1.209753778443313887e+00
7.810000000000000497e+00 1.234869426295752248e+01 1.581138830084189761e+00 3.522243988203200359e-44 4.003802440984025601e+00 2.003071463210707569e-03 1.205666328447727809e+00
7.820000000000000284e+00 1.236450565125836398e+01 1.581138830084189761e+00 3.522243988203200359e-44 4.003802440984025601e+00 1.984869614794258687e-03 1.208110301270823417e+00
7.830000000000000071e+00 1.238031703955920548e+01 1.581138830084189761e+00 3.522243988203200359e-44 4.003802440984025601e+00 1.966833166011214620e-03 1.205033453952948808e+00
7.839999999999999858e+00 1.239612842786004698e+01 1.581138830084189761e+00 3.522243988203200359e-44 4.003802440984025601e+00 1.948960613880219676e-03 1.211217216544379305e+00
7.849999999999999645e+00 1.241193981616088848e+01 1.581138830084189761e+00 3.522243988203200359e-44 4.003802440984025601e+00 1.931250469077471334e-03 1.208331583548736710e+00
7.859999999999999432e+00 1.242775120446172998e+01 1.581138830084189761e+00 3.522243988203200359e-44 4.003802440984025601e+00 1.913701255812601644e-03 1.207090860045712422e+00
7.870000000000000107e+00 1.244356259276257326e+01 1.581138830084189761e+00 3.522243988203200359e-44 4.003802440984025601e+00 1.896311511705716128e-03 1.207473288138666279e+00
7.879999999999999893e+00 1.245937398106341476e+01 1.581138830084189761e+00 3.522243988203200359e-44 4.003802440984025601e+00 1.879079787665501478e-03 1.204374470858143642e+00
7.890000000000000568e+00 1.247518536936425804e+01 1.581138830084189761e+00 3.522243988203200359e-44 3.901088098985674435e+00 1.862004647768502252e-03 1.204073286207294036e+00
7.900000000000000355e+00 1.249099675766509954e+01 1.581138830084189761e+00 3.522243988203200359e-44 4.003802440984025601e+00 1.845084669139458343e-03 1.200170980098714590e+00
7.910000000000000142e+00 1.250680814596594104e+01 1.581138830084189761e+00 3.522243988203200359e-44 3.901088098985674435e+00 1.828318441832739016e-03 1.199325956393341830e+00
7.919999999999999929e+00 1.252261953426678254e+01 1.581138830084189761e+00 3.522243988203200359e-44 4.003802440984025601e+00 1.811704568714817779e-03 1.202994659086235263e+00
7.929999999999999716e+00 1.253843092256762404e+01 1.581138830084189761e+00 3.522243988203200359e-44 4.003802440984025601e+00 1.795241665347908000e-03 1.202280916428356994e+00
7.939999999999999503e+00 1.255424231086846554e+01 1.581138830084189761e+00 3.522243988203200359e-44 4.003802440984025601e+00 1.778928359874550882e-03 1.206011045151240690e+00
7.950000000000000178e+00 1.257005369916930881e+01 1.581138830084189761e+00 3.522243988203200359e-44 3.901088098985674435e+00 1.762763292903320829e-03 1.202218088646465732e+00
7.959999999999999964e+00 1.258586508747015031e+01 1.581138830084189761e+00 3.522243988203200359e-44 4.003802440984025601e+00 1.746745117395526962e-03 1.201986448547447850e+00
7.970000000000000639e+00 1.260167647577099359e+01 1.581138830084189761e+00 3.522243988203200359e-44 4.003802440984025601e+00 1.730872498552992562e-03 1.201899026630674161e+00
7.980000000000000426e+00 1.261748786407183509e+01 1.581138830084189761e+00 3.522243988203200359e-44 4.003802440984025601e+00 1.715144113706807468e-03 1.204126607623022815e+00
7.990000000000000213e+00 1.263329925237267659e+01 1.581138830084189761e+00 3.522243988203200359e-44 4.003802440984025601e+00 1.699558652207110252e-03 1.201023811964426091e+00
8.000000000000000000e+00 1.264911064067351809e+01 1.581138830084189761e+00 3.522243988203200359e-44 4.003802440984025601e+00 1.684114815313868946e-03 1.200541387462925602e+00
8.009999999999999787e+00 1.266492202897435959e+01 1.581138830084189761e+00 3.522243988203200359e-44 3.901088098985674435e+00 1.668811316088668990e-03 1.197556914617647017e+00
8.019999999999999574e+00 1.268073341727520109e+01 1.581138830084189761e+00 3.522243988203200359e-44 3.901088098985674435e+00 1.653646879287460920e-03 1.200625214545568920e+00
8.030000000000001137e+00 1.269654480557604614e+01 1.581138830084189761e+00 3.522243988203200359e-44 4.003802440984025601e+00 1.638620241254307467e-03 1.202955416765168595e+00
8.039999999999999147e+00 1.271235619387688409e+01 1.581138830084189761e+00 3.522243988203200359e-44 4.003802440984025601e+00 1.623730149816068934e-03 1.199523154249794610e+00
8.050000000000000711e+00 1.272816758217772914e+01 1.581138830084189761e+00 3.522243988203200359e-44 3.901088098985674435e+00 1.608975364178046562e-03 1.199483088242731199e+00
8.060000000000000497e+00 1.274397897047857064e+01 1.581138830084189761e+00 3.522243988203200359e-44 4.003802440984025601e+00 1.594354654820640286e-03 1.202700730803125451e+00
8.070000000000000284e+00 1.275979035877941214e+01 1.581138830084189761e+00 3.522243988203200359e-44 4.003802440984025601e+00 1.579866803396824844e-03 1.202016647991424936e+00
8.080000000000000071e+00 1.277560174708025365e+01 1.581138830084189761e+00 3.522243988203200359e-44 4.003802440984025601e+00 1.565510602630671919e-03 1.201469532522657868e+00
8.089999999999999858e+00 1.279141313538109515e+01 1.581138830084189761e+00 3.522243988203200359e-44 4.003802440984025601e+00 1.551284856216726639e-03 1.201753481376974353e+00
8.099999999999999645e+00 1.280722452368193665e+01 1.581138830084189761e+00 3.522243988203200359e-44 4.003802440984025601e+00 1.537188378720331884e-03 1.200936165494556285e+00
8.109999999999999432e+00 1.282303591198277815e+01 1.581138830084189761e+00 3.522243988203200359e-44 4.003802440984025601e+00 1.523219995478834049e-03 1.200872941641933700e+00
8.120000000000000995e+00 1.283884730028362320e+01 1.581138830084189761e+00 3.522243988203200359e-44 4.003802440984025601e+00 1.509378542503694333e-03 1.197964139095964775e+00
8.129999999999999005e+00 1.285465868858446115e+01 1.581138830084189761e+00 3.522243988203200359e-44 3.901088098985674435e+00 1.495662866383520081e-03 1.197422570390334506e+00
8.140000000000000568e+00 1.287047007688530620e+01 1.581138830084189761e+00 3.522243988203200359e-44 3.901088098985674435e+00 1.482071824187914701e-03 1.197364240490434550e+00
8.150000000000000355e+00 1.288628146518614770e+01 1.581138830084189761e+00 3.522243988203200359e-44 4.003802440984025601e+00 1.468604283372261727e-03 1.196644249730392406e+00
8.160000000000000142e+00 1.290209285348698920e+01 1.581138830084189761e+00 3.522243988203200359e-44 4.003802440984025601e+00 1.455259121683347623e-03 1.196677541475094975e+00
8.169999999999999929e+00 1.291790424178783070e+01 1.581138830084189761e+00 3.522243988203200359e-44 3.901088098985674435e+00 1.442035227065831997e-03 1.193614144373846830e+00
8.179999999999999716e+00 1.293371563008867220e+01 1.581138830084189761e+00 3.522243988203200359e-44 4.003802440984025601e+00 1.428931497569591903e-03 1.195994670432519946e+00
8.189999999999999503e+00 1.294952701838951370e+01 1.581138830084189761e+00 3.522243988203200359e-44 3.901088098985674435e+00 1.415946841257883409e-03 1.198233996864918272e+00
8.199999999999999289e+00 1.296533840669035520e+01 1.581138830084189761e+00 3.522243988203200359e-44 3.901088098985674435e+00 1.403080176116365107e-03 1.196047196496817344e+00
8.210000000000000853e+00 1.298114979499119848e+01 1.581138830084189761e+00 3.522243988203200359e-44 4.003802440984025601e+00 1.390330429962923723e-03 1.192414745714464264e+00
8.220000000000000639e+00 1.299696118329203998e+01 1.581138830084189761e+00 3.522243988203200359e-44 4.003802440984025601e+00 1.377696540358330649e-03 1.191462457368680949e+00
8.230000000000000426e+00 1.301277257159288325e+01 1.581138830084189761e+00 3.522243988203200359e-44 4.003802440984025601e+00 1.365177454517715753e-03 1.197745922637634797e+00
8.240000000000000213e+00 1.302858395989372475e+01 1.581138830084189761e+00 3.522243988203200359e-44 4.003802440984025601e+00 1.352772129222825498e-03 1.194888119475683963e+00
8.250000000000000000e+00 1.304439534819456625e+01 1.581138830084189761e+00 3.522243988203200359e-44 4.003802440984025601e+00 1.340479530735102240e-03 1.193868911893280371e+00
8.259999999999999787e+00 1.306020673649540775e+01 1.581138830084189761e+00 3.522243988203200359e-44 3.901088098985674435e+00 1.328298634709533087e-03 1.196473908627440963e+00
8.269999999999999574e+00 1.307601812479624925e+01 1.581138830084189761e+00 3.522243988203200359e-44 3.901088098985674435e+00 1.316228426109303023e-03 1.196196081088634511e+00
8.280000000000001137e+00 1.309182951309709253e+01 1.581138830084189761e+00 3.522243988203200359e-44 4.003802440984025601e+00 1.304267899121197213e-03 1.194046074546499581e+00
8.289999999999999147e+00 1.310764090139793225e+01 1.581138830084189761e+00 3.522243988203200359e-44 4.003802440984025601e+00 1.292416057071811911e-03 1.195587814924900405e+00
8.300000000000000711e+00 1.312345228969877553e+01 1.581138830084189761e+00 3.522243988203200359e-44 4.003802440984025601e+00 1.280671912344462718e-03 1.190368461604784711e+00
8.310000000000000497e+00 1.313926367799961703e+01 1.581138830084189761e+00 3.522243988203200359e-44 3.901088098985674435e+00 1.269034486296917929e-03 1.192767146049908078e+00
8.320000000000000284e+00 1.315507506630045853e+01 1.581138830084189761e+00 3.522243988203200359e-44 4.003802440984025601e+00 1.257502809179834435e-03 1.192801765664055935e+00
8.330000000000000071e+00 1.317088645460130003e+01 1.581138830084189761e+00 3.522243988203200359e-44 3.901088098985674435e+00 1.246075920055961673e-03 1.192009313152271099e+00
8.339999999999999858e+00 1.318669784290214153e+01 1.581138830084189761e+00 3.522243988203200359e-44 3.901088098985674435e+00 1.234752866720033619e-03 1.194817705675048414e+00
8.349999999999999645e+00 1.320250923120298481e+01 1.581138830084189761e+00 3.522243988203200359e-44 4.003802440984025601e+00 1.223532705619467201e-03 1.194355981428515845e+00
8.359999999999999432e+00 1.321832061950382631e+01 1.581138830084189761e+00 3.522243988203200359e-44 4.003802440984025601e+00 1.212414501775701051e-03 1.194401261366575984e+00
8.370000000000000995e+00 1.323413200780466958e+01 1.581138830084189761e+00 3.522243988203200359e-44 4.003802440984025601e+00 1.201397328706296438e-03 1.188591627020624042e+00
8.379999999999999005e+00 1.324994339610550931e+01 1.581138830084189761e+00 3.522243988203200359e-44 4.003802440984025601e+00 1.190480268347735363e-03 1.191473016192109213e+00
8.390000000000000568e+00 1.326575478440635258e+01 1.581138830084189761e+00 3.522243988203200359e-44 4.003802440984025601e+00 1.179662410978902761e-03 1.193261789715079679e+00
8.400000000000000355e+00 1.328156617270719408e+01 1.581138830084189761e+00 3.522243988203200359e-44 4.003802440984025601e+00 1.168942855145315308e-03 1.193498851867815125e+00
8.410000000000000142e+00 1.329737756100803558e+01 1.581138830084189761e+00 3.522243988203200359e-44 3.901088098985674435e+00 1.158320707583948691e-03 1.192743808822536611e+00
8.419999999999999929e+00 1.331318894930887708e+01 1.581138830084189761e+00 3.522243988203200359e-44 4.003802440984025601e+00 1.147795083148855271e-03 1.189772032334174057e+00
8.429999999999999716e+00 1.332900033760971858e+01 1.581138830084189761e+00 3.522243988203200359e-44 4.003802440984025601e+00 1.137365104737370677e-03 1.189892130174848184e+00
8.439999999999999503e+00 1.334481172591056009e+01 1.581138830084189761e+00 3.522243988203200359e-44 4.003802440984025601e+00 1.127029903217040101e-03 1.189527008623332049e+00
8.449999999999999289e+00 1.336062311421140159e+01 1.581138830084189761e+00 3.522243988203200359e-44 4.003802440984025601e+00 1.116788617353181448e-03 1.186462593586838477e+00
8.460000000000000853e+00 1.337643450251224664e+01 1.581138830084189761e+00 3.522243988203200359e-44 4.003802440984025601e+00 1.106640393737128069e-03 1.188983149165786735e+00
8.470000000000000639e+00 1.339224589081308814e+01 1.581138830084189761e+00 3.522243988203200359e-44 3.901088098985674435e+00 1.096584386715121354e-03 1.191309450350983123e+00
8.480000000000000426e+00 1.340805727911392964e+01 1.581138830084189761e+00 3.522243988203200359e-44 4.003802440984025601e+00 1.086619758317821770e-03 1.185870739825842568e+00
8.490000000000000213e+00 1.342386866741477114e+01 1.581138830084189761e+00 3.522243988203200359e-44 4.003802440984025601e+00 1.076745678190490791e-03 1.190861293580567581e+00
8.500000000000000000e+00 1.343968005571561264e+01 1.581138830084189761e+00 3.522243988203200359e-44 4.003802440984025601e+00 1.066961323523799932e-03 1.188133847717845804e+00
8.509999999999999787e+00 1.345549144401645414e+01 1.581138830084189761e+00 3.522243988203200359e-44 4.003802440984025601e+00 1.057265878985268193e-03 1.187660447792833196e+00
8.519999999999999574e+00 1.347130283231729564e+01 1.581138830084189761e+00 3.522243988203200359e-44 4.003802440984025601e+00 1.047658536651313371e-03 1.190129359569228162e+00
8.530000000000001137e+00 1.348711422061814069e+01 1.581138830084189761e+00 3.522243988203200359e-44 4.003802440984025601e+00 1.038138495939917904e-03 1.187410585404236052e+00
8.539999999999999147e+00 1.350292560891897864e+01 1.581138830084189761e+00 3.522243988203200359e-44 3.901088098985674435e+00 1.028704963543950433e-03 1.186993624303720019e+00
8.550000000000000711e+00 1.351873699721982369e+01 1.581138830084189761e+00 3.522243988203200359e-44 3.901088098985674435e+00 1.019357153365018200e-03 1.186874841637485467e+00
8.560000000000000497e+00 1.353454838552066519e+01 1.581138830084189761e+00 3.522243988203200359e-44 4.003802440984025601e+00 1.010094286447988819e-03 1.189208304341236699e+00
8.570000000000000284e+00 1.355035977382150669e+01 1.581138830084189761e+00 3.522243988203200359e-44 4.003802440984025601e+00 1.000915590916067821e-03 1.188931573185981527e+00
8.580000000000000071e+00 1.356617116212234819e+01 1.581138830084189761e+00 3.522243988203200359e-44 4.003802440984025601e+00 9.918203019064861670e-04 1.186241319552927775e+00
8.589999999999999858e+00 1.358198255042318969e+01 1.581138830084189761e+00 3.522243988203200359e-44 3.901088098985674435e+00 9.828076615067537092e-04 1.188468306342991720e+00
8.599999999999999645e+00 1.359779393872403119e+01 1.581138830084189761e+00 3.522243988203200359e-44 4.003802440984025601e+00 9.738769186915120085e-04 1.185760855028227034e+00
8.609999999999999432e+00 1.361360532702487269e+01 1.581138830084189761e+00 3.522243988203200359e-44 4.003802440984025601e+00 9.650273292599408472e-04 1.185711636578343331e+00
8.620000000000000995e+00 1.362941671532571775e+01 1.581138830084189761e+00 3.522243988203200359e-44 3.901088098985674435e+00 9.562581557737553093e-04 1.187768396565608509e+00
8.629999999999999005e+00 1.364522810362655569e+01 1.581138830084189761e+00 3.522243988203200359e-44 4.003802440984025601e+00 9.475686674957457204e-04 1.187510081153575925e+00
8.640000000000000568e+00 1.366103949192740075e+01 1.581138830084189761e+00 3.522243988203200359e-44 4.003802440984025601e+00 9.389581403288939495e-04 1.184907277862556230e+00
8.650000000000000355e+00 1.367685088022824225e+01 1.581138830084189761e+00 3.522243988203200359e-44 4.003802440984025601e+00 9.304258567560244391e-04 1.187122758479905782e+00
8.660000000000000142e+00 1.369266226852908375e+01 1.581138830084189761e+00 3.522243988203200359e-44 4.003802440984025601e+00 9.219711057800190207e-04 1.181634370005596235e+00
8.669999999999999929e+00 1.370847365682992525e+01 1.581138830084189761e+00 3.522243988203200359e-44 4.003802440984025601e+00 9.135931828645704701e-04 1.186681231954702209e+00
8.679999999999999716e+00 1.372428504513076675e+01 1.581138830084189761e+00 3.522243988203200359e-44 4.003802440984025601e+00 9.052913898754662379e-04 1.186440656440905350e+00
8.689999999999999503e+00 1.374009643343160825e+01 1.581138830084189761e+00 3.522243988203200359e-44 4.003802440984025601e+00 8.970650350224205691e-04 1.183756110519404103e+00
8.699999999999999289e+00 1.375590782173244975e+01 1.581138830084189761e+00 3.522243988203200359e-44 4.003802440984025601e+00 8.889134328014286664e-04 1.185944824345606108e+00
8.710000000000000853e+00 1.377171921003329480e+01 1.581138830084189761e+00 3.522243988203200359e-44 4.003802440984025601e+00 8.808359039376336807e-04 1.183159660819953274e+00
8.720000000000000639e+00 1.378753059833413630e+01 1.581138830084189761e+00 3.522243988203200359e-44 3.901088098985674435e+00 8.728317753287304906e-04 1.185497748673834062e+00
8.730000000000000426e+00 1.380334198663497780e+01 1.581138830084189761e+00 3.522243988203200359e-44 4.003802440984025601e+00 8.649003799888723342e-04 1.180452632550241354e+00
8.740000000000000213e+00 1.381915337493581930e+01 1.581138830084189761e+00 3.522243988203200359e-44 4.003802440984025601e+00 8.570410569930997022e-04 1.180094137227734263e+00
8.750000000000000000e+00 1.383496476323666080e+01 1.581138830084189761e+00 3.522243988203200359e-44 4.003802440984025601e+00 8.492531514222438930e-04 1.182252878848484290e+00
8.759999999999999787e+00 1.385077615153750230e+01 1.581138830084189761e+00 3.522243988203200359e-44 4.003802440984025601e+00 8.415360143083757067e-04 1.182212700361807256e+00
8.769999999999999574e+00 1.386658753983834380e+01 1.581138830084189761e+00 3.522243988203200359e-44 4.003802440984025601e+00 8.338890025807188262e-04 1.184409758610275532e+00
8.780000000000001137e+00 1.388239892813918708e+01 1.581138830084189761e+00 3.522243988203200359e-44 4.003802440984025601e+00 8.263114790120569455e-04 1.184183438167514701e+00
8.789999999999999147e+00 1.389821031644002680e+01 1.581138830084189761e+00 3.522243988203200359e-44 4.003802440984025601e+00 8.188028121656401722e-04 1.181400701124429853e+00
8.800000000000000711e+00 1.391402170474087185e+01 1.581138830084189761e+00 3.522243988203200359e-44 4.003802440984025601e+00 8.113623763425583963e-04 1.181433542639732881e+00
8.810000000000000497e+00 1.392983309304171335e+01 1.581138830084189761e+00 3.522243988203200359e-44 4.003802440984025601e+00 8.039895515296203304e-04 1.181132456538320774e+00
8.820000000000000284e+00 1.394564448134255485e+01 1.581138830084189761e+00 3.522243988203200359e-44 4.003802440984025601e+00 7.966837233476684000e-04 1.183328505615528492e+00
8.830000000000000071e+00 1.396145586964339635e+01 1.581138830084189761e+00 3.522243988203200359e-44 4.003802440984025601e+00 7.894442830003829334e-04 1.180695238342433839e+00
8.839999999999999858e+00 1.397726725794423785e+01 1.581138830084189761e+00 3.522243988203200359e-44 3.901088098985674435e+00 7.822706272235692556e-04 1.180271179843136675e+00
8.849999999999999645e+00 1.399307864624507936e+01 1.581138830084189761e+00 3.522243988203200359e-44 4.003802440984025601e+00 7.751621582348694646e-04 1.180304810118780079e+00
8.859999999999999432e+00 1.400889003454592086e+01 1.581138830084189761e+00 3.522243988203200359e-44 3.901088098985674435e+00 7.681182836839581946e-04 1.182439502815602506e+00
8.870000000000000995e+00 1.402470142284676413e+01 1.581138830084189761e+00 3.522243988203200359e-44 4.003802440984025601e+00 7.611384166031719524e-04 1.176216495277416119e+00
8.879999999999999005e+00 1.404051281114760386e+01 1.581138830084189761e+00 3.522243988203200359e-44 4.003802440984025601e+00 7.542219753586178882e-04 1.182023012325208677e+00
8.890000000000000568e+00 1.405632419944844713e+01 1.581138830084189761e+00 3.522243988203200359e-44 4.003802440984025601e+00 7.473683836016809011e-04 1.181816513194934304e+00
8.900000000000000355e+00 1.407213558774928863e+01 1.581138830084189761e+00 3.522243988203200359e-44 4.003802440984025601e+00 7.405770702210084456e-04 1.179223561776541640e+00
8.910000000000000142e+00 1.408794697605013013e+01 1.581138830084189761e+00 3.522243988203200359e-44 4.003802440984025601e+00 7.338474692949258733e-04 1.179093301278145045e+00
8.919999999999999929e+00 1.410375836435097341e+01 1.581138830084189761e+00 3.522243988203200359e-44 4.003802440984025601e+00 7.271790200442652908e-04 1.181173619425002652e+00
8.929999999999999716e+00 1.411956975265181491e+01 1.581138830084189761e+00 3.522243988203200359e-44 4.003802440984025601e+00 7.205711667856490223e-04 1.180910925691255109e+00
8.939999999999999503e+00 1.413538114095265641e+01 1.581138830084189761e+00 3.522243988203200359e-44 4.003802440984025601e+00 7.140233588851655541e-04 1.178186715170214782e+00
8.949999999999999289e+00 1.415119252925349791e+01 1.581138830084189761e+00 3.522243988203200359e-44 4.003802440984025601e+00 7.075350507125043129e-04 1.180504876281764037e+00
8.960000000000000853e+00 1.416700391755434119e+01 1.581138830084189761e+00 3.522243988203200359e-44 4.003802440984025601e+00 7.011057015954819506e-04 1.175593747513479226e+00
8.970000000000000639e+00 1.418281530585518269e+01 1.581138830084189761e+00 3.522243988203200359e-44 4.003802440984025601e+00 6.947347757749831182e-04 1.177605251955495369e+00
8.980000000000000426e+00 1.419862669415602419e+01 1.581138830084189761e+00 3.522243988203200359e-44 3.901088098985674435e+00 6.884217423603190920e-04 1.177373366145028299e+00
8.990000000000000213e+00 1.421443808245686569e+01 1.581138830084189761e+00 3.522243988203200359e-44 4.003802440984025601e+00 6.821660752849879883e-04 1.176740334787966358e+00
9.000000000000000000e+00 1.423024947075770719e+01 1.581138830084189761e+00 3.522243988203200359e-44 4.003802440984025601e+00 6.759672532628415538e-04 1.177234497432000815e+00
9.009999999999999787e+00 1.424606085905854869e+01 1.581138830084189761e+00 3.522243988203200359e-44 4.003802440984025601e+00 6.698247597446414011e-04 1.179242020254606782e+00
9.019999999999999574e+00 1.426187224735939019e+01 1.581138830084189761e+00 3.522243988203200359e-44 4.003802440984025601e+00 6.637380828750088103e-04 1.176714140819298926e+00
9.030000000000001137e+00 1.427768363566023524e+01 1.581138830084189761e+00 3.522243988203200359e-44 4.003802440984025601e+00 6.577067154497895623e-04 1.174039324636203308e+00
9.039999999999999147e+00 1.429349502396107496e+01 1.581138830084189761e+00 3.522243988203200359e-44 4.003802440984025601e+00 6.517301548737724397e-04 1.176323108207790291e+00
9.050000000000000711e+00 1.430930641226191824e+01 1.581138830084189761e+00 3.522243988203200359e-44 4.003802440984025601e+00 6.458079031188140862e-04 1.173145130381071155e+00
9.060000000000000497e+00 1.432511780056275974e+01 1.581138830084189761e+00 3.522243988203200359e-44 3.901088098985674435e+00 6.399394666823369398e-04 1.178231250968204025e+00
9.070000000000000284e+00 1.434092918886360124e+01 1.581138830084189761e+00 3.522243988203200359e-44 4.003802440984025601e+00 6.341243565462088057e-04 1.178002810190366345e+00
9.080000000000000071e+00 1.435674057716444274e+01 1.581138830084189761e+00 3.522243988203200359e-44 4.003802440984025601e+00 6.283620881359871548e-04 1.177816350755822583e+00
9.089999999999999858e+00 1.437255196546528424e+01 1.581138830084189761e+00 3.522243988203200359e-44 4.003802440984025601e+00 6.226521812805444096e-04 1.177611860373589003e+00
9.099999999999999645e+00 1.438836335376612574e+01 1.581138830084189761e+00 3.522243988203200359e-44 4.003802440984025601e+00 6.169941601720500433e-04 1.175252775055496191e+00
9.109999999999999432e+00 1.440417474206696724e+01 1.581138830084189761e+00 3.522243988203200359e-44 3.901088098985674435e+00 6.113875533263266179e-04 1.174727296985728309e+00
9.120000000000000995e+00 1.441998613036781229e+01 1.581138830084189761e+00 3.522243988203200359e-44 4.003802440984025601e+00 6.058318935435626348e-04 1.177002536223645146e+00
9.129999999999999005e+00 1.443579751866865024e+01 1.581138830084189761e+00 3.522243988203200359e-44 4.003802440984025601e+00 6.003267178693704863e-04 1.176783618399664277e+00
9.140000000000000568e+00 1.445160890696949529e+01 1.581138830084189761e+00 3.522243988203200359e-44 4.003802440984025601e+00 5.948715675562143371e-04 1.176564610170370173e+00
9.150000000000000355e+00 1.446742029527033679e+01 1.581138830084189761e+00 3.522243988203200359e-44 4.003802440984025601e+00 5.894659880251925397e-04 1.176384736198940573e+00
9.160000000000000142e+00 1.448323168357117829e+01 1.581138830084189761e+00 3.522243988203200359e-44 4.003802440984025601e+00 5.841095288281371789e-04 1.176177043191905636e+00
9.169999999999999929e+00 1.449904307187201979e+01 1.581138830084189761e+00 3.522243988203200359e-44 4.003802440984025601e+00 5.788017436100939550e-04 1.173533504823475626e+00
9.179999999999999716e+00 1.451485446017286129e+01 1.581138830084189761e+00 3.522243988203200359e-44 4.003802440984025601e+00 5.735421900721207134e-04 1.175783408919472084e+00
9.190000000000001279e+00 1.453066584847370635e+01 1.581138830084189761e+00 3.522243988203200359e-44 4.003802440984025601e+00 5.683304299344346536e-04 1.173122191451687835e+00
9.199999999999999289e+00 1.454647723677454429e+01 1.581138830084189761e+00 3.522243988203200359e-44 4.003802440984025601e+00 5.631660288998870762e-04 1.172388934428222118e+00
9.210000000000000853e+00 1.456228862507538935e+01 1.581138830084189761e+00 3.522243988203200359e-44 4.003802440984025601e+00 5.580485566177666428e-04 1.175178871860005358e+00
9.219999999999998863e+00 1.457810001337622730e+01 1.581138830084189761e+00 3.522243988203200359e-44 3.901088098985674435e+00 5.529775866479591214e-04 1.172835469562435229e+00
9.230000000000000426e+00 1.459391140167707235e+01 1.581138830084189761e+00 3.522243988203200359e-44 4.003802440984025601e+00 5.479526964253868563e-04 1.172493543276442729e+00
9.240000000000000213e+00 1.460972278997791385e+01 1.581138830084189761e+00 3.522243988203200359e-44 4.003802440984025601e+00 5.429734672248137228e-04 1.172173364035649090e+00
9.250000000000000000e+00 1.462553417827875535e+01 1.581138830084189761e+00 3.522243988203200359e-44 4.003802440984025601e+00 5.380394841259441164e-04 1.174384371012654471e+00
9.259999999999999787e+00 1.464134556657959685e+01 1.581138830084189761e+00 3.522243988203200359e-44 3.901088098985674435e+00 5.331503359788536010e-04 1.171905177863110659e+00
9.269999999999999574e+00 1.465715695488043835e+01 1.581138830084189761e+00 3.522243988203200359e-44 4.003802440984025601e+00 5.283056153697215061e-04 1.174007419396681851e+00
9.280000000000001137e+00 1.467296834318128340e+01 1.581138830084189761e+00 3.522243988203200359e-44 4.003802440984025601e+00 5.235049185868849908e-04 1.173797862861449381e+00
9.289999999999999147e+00 1.468877973148212135e+01 1.581138830084189761e+00 3.522243988203200359e-44 4.003802440984025601e+00 5.187478455871971173e-04 1.171367466564999571e+00
9.300000000000000711e+00 1.470459111978296640e+01 1.581138830084189761e+00 3.522243988203200359e-44 4.003802440984025601e+00 5.140339999626864420e-04 1.134400799935233017e+00
9.310000000000000497e+00 1.472040250808380790e+01 1.581138830084189761e+00 3.522243988203200359e-44 4.003802440984025601e+00 5.093629889075385053e-04 1.173086754550366706e+00
9.320000000000000284e+00 1.473621389638464940e+01 1.581138830084189761e+00 3.522243988203200359e-44 4.003802440984025601e+00 5.047344231853401328e-04 1.172841666748222877e+00
9.330000000000000071e+00 1.475202528468549090e+01 1.581138830084189761e+00 3.522243988203200359e-44 4.003802440984025601e+00 5.001479170966679696e-04 1.170611557084585197e+00
9.339999999999999858e+00 1.476783667298633240e+01 1.581138830084189761e+00 3.522243988203200359e-44 4.003802440984025601e+00 4.956030884469309365e-04 1.169879733098166286e+00
9.350000000000001421e+00 1.478364806128717568e+01 1.581138830084189761e+00 3.522243988203200359e-44 4.003802440984025601e+00 4.910995585145331742e-04 1.170178879061739341e+00
9.359999999999999432e+00 1.479945944958801540e+01 1.581138830084189761e+00 3.522243988203200359e-44 4.003802440984025601e+00 4.866369520193082024e-04 1.169801396194001697e+00
9.370000000000000995e+00 1.481527083788886046e+01 1.581138830084189761e+00 3.522243988203200359e-44 4.003802440984025601e+00 4.822148970912437530e-04 1.171941430730627509e+00
9.379999999999999005e+00 1.483108222618969840e+01 1.581138830084189761e+00 3.522243988203200359e-44 4.003802440984025601e+00 4.778330252395092577e-04 1.171855823782360417e+00
9.390000000000000568e+00 1.484689361449054346e+01 1.581138830084189761e+00 3.522243988203200359e-44 4.003802440984025601e+00 4.734909713217299925e-04 1.167100066970993222e+00
9.400000000000000355e+00 1.486270500279138496e+01 1.581138830084189761e+00 3.522243988203200359e-44 4.003802440984025601e+00 4.691883735135725505e-04 1.171482913295621708e+00
9.410000000000000142e+00 1.487851639109222646e+01 1.581138830084189761e+00 3.522243988203200359e-44 4.003802440984025601e+00 4.649248732785890592e-04 1.168928452844774535e+00
9.419999999999999929e+00 1.489432777939306796e+01 1.581138830084189761e+00 3.522243988203200359e-44 4.003802440984025601e+00 4.607001153383445918e-04 1.168735948741235653e+00
9.429999999999999716e+00 1.491013916769390946e+01 1.581138830084189761e+00 3.522243988203200359e-44 4.003802440984025601e+00 4.565137476428014263e-04 1.166395172477743269e+00
9.440000000000001279e+00 1.492595055599475273e+01 1.581138830084189761e+00 3.522243988203200359e-44 4.003802440984025601e+00 4.523654213409934906e-04 1.170624844684537980e+00
9.449999999999999289e+00 1.494176194429559246e+01 1.581138830084189761e+00 3.522243988203200359e-44 4.003802440984025601e+00 4.482547907519571131e-04 1.170538816925671188e+00
9.460000000000000853e+00 1.495757333259643573e+01 1.581138830084189761e+00 3.522243988203200359e-44 4.003802440984025601e+00 4.441815133359130379e-04 1.165236540432568413e+00
9.469999999999998863e+00 1.497338472089727546e+01 1.581138830084189761e+00 3.522243988203200359e-44 4.003802440984025601e+00 4.401452496657356985e-04 1.170120551783228269e+00
9.480000000000000426e+00 1.498919610919811873e+01 1.581138830084189761e+00 3.522243988203200359e-44 4.003802440984025601e+00 4.361456633986581974e-04 1.167804972463112101e+00
9.490000000000000213e+00 1.500500749749896201e+01 1.581138830084189761e+00 3.522243988203200359e-44 4.003802440984025601e+00 4.321824212482571728e-04 1.169771277555577305e+00
9.500000000000000000e+00 1.502081888579980351e+01 1.581138830084189761e+00 3.522243988203200359e-44 4.003802440984025601e+00 4.282551929566685996e-04 1.165219147355106344e+00
9.509999999999999787e+00 1.503663027410064501e+01 1.581138830084189761e+00 3.522243988203200359e-44 4.003802440984025601e+00 4.243636512670680280e-04 1.169416588072106356e+00
9.519999999999999574e+00 1.505244166240148651e+01 1.581138830084189761e+00 3.522243988203200359e-44 4.003802440984025601e+00 4.205074718964102172e-04 1.169176611349468597e+00
9.530000000000001137e+00 1.506825305070232979e+01 1.581138830084189761e+00 3.522243988203200359e-44 4.003802440984025601e+00 4.166863335083960721e-04 1.166830583768876162e+00
9.539999999999999147e+00 1.508406443900316951e+01 1.581138830084189761e+00 3.522243988203200359e-44 4.003802440984025601e+00 4.128999176867010354e-04 1.166703079847758229e+00
9.550000000000000711e+00 1.509987582730401279e+01 1.581138830084189761e+00 3.522243988203200359e-44 4.003802440984025601e+00 4.091479089084365289e-04 1.168685982862066375e+00
9.560000000000000497e+00 1.511568721560485429e+01 1.581138830084189761e+00 3.522243988203200359e-44 4.003802440984025601e+00 4.054299945178667245e-04 1.168488040258208960e+00
9.570000000000000284e+00 1.513149860390569579e+01 1.581138830084189761e+00 3.522243988203200359e-44 4.003802440984025601e+00 4.017458647003446489e-04 1.165982177461433400e+00
9.580000000000000071e+00 1.514730999220653729e+01 1.581138830084189761e+00 3.522243988203200359e-44 4.003802440984025601e+00 3.980952124564989566e-04 1.165789587367267899e+00
9.589999999999999858e+00 1.516312138050737879e+01 1.581138830084189761e+00 3.522243988203200359e-44 3.901088098985674435e+00 3.944777335766540228e-04 1.165897007073793290e+00
9.600000000000001421e+00 1.517893276880822384e+01 1.581138830084189761e+00 3.522243988203200359e-44 4.003802440984025601e+00 3.908931266154772846e-04 1.129964362585078153e+00
9.609999999999999432e+00 1.519474415710906356e+01 1.581138830084189761e+00 3.522243988203200359e-44 4.003802440984025601e+00 3.873410928668602829e-04 1.167480386049170704e+00
9.620000000000000995e+00 1.521055554540990684e+01 1.581138830084189761e+00 3.522243988203200359e-44 4.003802440984025601e+00 3.838213363390293917e-04 1.165063342068412222e+00
9.629999999999999005e+00 1.522636693371074657e+01 1.581138830084189761e+00 3.522243988203200359e-44 4.003802440984025601e+00 3.803335637298780507e-04 1.164859459561226274e+00
9.640000000000000568e+00 1.524217832201158984e+01 1.581138830084189761e+00 3.522243988203200359e-44 4.003802440984025601e+00 3.768774844025250532e-04 1.164897786128606949e+00
9.650000000000000355e+00 1.525798971031243134e+01 1.581138830084189761e+00 3.522243988203200359e-44 4.003802440984025601e+00 3.734528103611001919e-04 1.164691744073302448e+00
9.660000000000000142e+00 1.527380109861327284e+01 1.581138830084189761e+00 3.522243988203200359e-44 4.003802440984025601e+00 3.700592562267415947e-04 1.166682721436450798e+00
9.669999999999999929e+00 1.528961248691411434e+01 1.581138830084189761e+00 3.522243988203200359e-44 4.003802440984025601e+00 3.666965392138160271e-04 1.166481486606474993e+00
9.679999999999999716e+00 1.530542387521495584e+01 1.581138830084189761e+00 3.522243988203200359e-44 4.003802440984025601e+00 3.633643791063559804e-04 1.129547992234206877e+00
9.690000000000001279e+00 1.532123526351580090e+01 1.581138830084189761e+00 3.522243988203200359e-44 4.003802440984025601e+00 3.600624982347064990e-04 1.161721590880295141e+00
9.699999999999999289e+00 1.533704665181663884e+01 1.581138830084189761e+00 3.522243988203200359e-44 4.003802440984025601e+00 3.567906214523892277e-04 1.129270553989343950e+00
9.710000000000000853e+00 1.535285804011748390e+01 1.581138830084189761e+00 3.522243988203200359e-44 4.003802440984025601e+00 3.535484761131698012e-04 1.165768408900698994e+00
9.719999999999998863e+00 1.536866942841832184e+01 1.581138830084189761e+00 3.522243988203200359e-44 4.003802440984025601e+00 3.503357920483485244e-04 1.162899663343202050e+00
9.730000000000000426e+00 1.538448081671916690e+01 1.581138830084189761e+00 3.522243988203200359e-44 4.003802440984025601e+00 3.471523015442337960e-04 1.128673235716341594e+00
9.740000000000000213e+00 1.540029220502000840e+01 1.581138830084189761e+00 3.522243988203200359e-44 4.003802440984025601e+00 3.439977393198433218e-04 1.158682622256404171e+00
9.750000000000000000e+00 1.541610359332084990e+01 1.581138830084189761e+00 3.522243988203200359e-44 4.003802440984025601e+00 3.408718425047940889e-04 1.165079814379504919e+00
9.759999999999999787e+00 1.543191498162169140e+01 1.581138830084189761e+00 3.522243988203200359e-44 4.003802440984025601e+00 3.377743506173989875e-04 1.162604870610381091e+00
9.769999999999999574e+00 1.544772636992253290e+01 1.581138830084189761e+00 3.522243988203200359e-44 4.003802440984025601e+00 3.347050055429578856e-04 1.162441951836324705e+00
9.780000000000001137e+00 1.546353775822337795e+01 1.581138830084189761e+00 3.522243988203200359e-44 4.003802440984025601e+00 3.316635515122515567e-04 1.164439148173538774e+00
9.789999999999999147e+00 1.547934914652421590e+01 1.581138830084189761e+00 3.522243988203200359e-44 4.003802440984025601e+00 3.286497350802316869e-04 1.162264699606228469e+00
9.800000000000000711e+00 1.549516053482506095e+01 1.581138830084189761e+00 3.522243988203200359e-44 4.003802440984025601e+00 3.256633051048913458e-04 1.164029890231240705e+00
9.810000000000000497e+00 1.551097192312590245e+01 1.581138830084189761e+00 3.522243988203200359e-44 4.003802440984025601e+00 3.227040127263467698e-04 1.161896891949208310e+00
9.820000000000000284e+00 1.552678331142674395e+01 1.581138830084189761e+00 3.522243988203200359e-44 4.003802440984025601e+00 3.197716113460951650e-04 1.163853122927913208e+00
9.830000000000000071e+00 1.554259469972758545e+01 1.581138830084189761e+00 3.522243988203200359e-44 4.003802440984025601e+00 3.168658566064667449e-04 1.161403831668153863e+00
9.839999999999999858e+00 1.555840608802842695e+01 1.581138830084189761e+00 3.522243988203200359e-44 4.003802440984025601e+00 3.139865063702644435e-04 1.163498848986629142e+00
9.850000000000001421e+00 1.557421747632927200e+01 1.581138830084189761e+00 3.522243988203200359e-44 4.003802440984025601e+00 3.111333207005786733e-04 1.128132815045159054e+00
9.859999999999999432e+00 1.559002886463010995e+01 1.581138830084189761e+00 3.522243988203200359e-44 4.003802440984025601e+00 3.083060618408069425e-04 1.158264240409574208e+00
9.870000000000000995e+00 1.560584025293095500e+01 1.581138830084189761e+00 3.522243988203200359e-44 3.901088098985674435e+00 3.055044941948274837e-04 1.127868978006669076e+00
9.879999999999999005e+00 1.562165164123179295e+01 1.581138830084189761e+00 3.522243988203200359e-44 4.003802440984025601e+00 3.027283843073762248e-04 1.162655551161456913e+00
9.890000000000000568e+00 1.563746302953263800e+01 1.581138830084189761e+00 3.522243988203200359e-44 4.003802440984025601e+00 2.999775008445875282e-04 1.162535128844521370e+00
9.900000000000000355e+00 1.565327441783347950e+01 1.581138830084189761e+00 3.522243988203200359e-44 4.003802440984025601e+00 2.972516145747220091e-04 1.162467259858770641e+00
9.910000000000000142e+00 1.566908580613432100e+01 1.581138830084189761e+00 3.522243988203200359e-44 4.003802440984025601e+00 2.945504983490623515e-04 1.159989281578793108e+00
9.919999999999999929e+00 1.568489719443516250e+01 1.581138830084189761e+00 3.522243988203200359e-44 4.003802440984025601e+00 2.918739270829802108e-04 1.161879351327809395e+00
9.929999999999999716e+00 1.570070858273600400e+01 1.581138830084189761e+00 3.522243988203200359e-44 4.003802440984025601e+00 2.892216777371891113e-04 1.159322838202914818e+00
9.940000000000001279e+00 1.571651997103684906e+01 1.581138830084189761e+00 3.522243988203200359e-44 4.003802440984025601e+00 2.865935292991514632e-04 1.157459602146255095e+00
9.949999999999999289e+00 1.573233135933768700e+01 1.581138830084189761e+00 3.522243988203200359e-44 4.003802440984025601e+00 2.839892627646646356e-04 1.161526549991490409e+00
9.960000000000000853e+00 1.574814274763853206e+01 1.581138830084189761e+00 3.522243988203200359e-44 4.003802440984025601e+00 2.814086611196077079e-04 1.157207930628676440e+00
9.969999999999998863e+00 1.576395413593937000e+01 1.581138830084189761e+00 3.522243988203200359e-44 4.003802440984025601e+00 2.788515093218660854e-04 1.158990726390338288e+00
9.980000000000000426e+00 1.577976552424021506e+01 1.581138830084189761e+00 3.522243988203200359e-44 4.003802440984025601e+00 2.763175942833988492e-04 1.158869149356305472e+00
9.990000000000000213e+00 1.579557691254105656e+01 1.581138830084189761e+00 3.522243988203200359e-44 4.003802440984025601e+00 2.738067048524966550e-04 1.160758853388167644e+00
1.000000000000000000e+01 1.581138830084189806e+01 1.581138830084189761e+00 3.522243988203200359e-44 4.003802440984025601e+00 2.713186317961740189e-04 1.160786671512434642e+00
1.000999999999999979e+01 1.582719968914273956e+01 1.581138830084189761e+00 3.522243988203200359e-44 4.003802440984025601e+00 2.688531677827413636e-04 1.158468149541442616e+00
1.001999999999999957e+01 1.584301107744358106e+01 1.581138830084189761e+00 3.522243988203200359e-44 4.003802440984025601e+00 2.664101073645251130e-04 1.160259648460332027e+00
1.003000000000000114e+01 1.585882246574442433e+01 1.581138830084189761e+00 3.522243988203200359e-44 4.003802440984025601e+00 2.639892469607494404e-04 1.124720457288613806e+00
1.003999999999999915e+01 1.587463385404526406e+01 1.581138830084189761e+00 3.522243988203200359e-44 4.003802440984025601e+00 2.615903848405703482e-04 1.158109986962722715e+00
1.005000000000000071e+01 1.589044524234610911e+01 1.581138830084189761e+00 3.522243988203200359e-44 4.003802440984025601e+00 2.592133211062626732e-04 1.124414258751572415e+00
1.006000000000000050e+01 1.590625663064695061e+01 1.581138830084189761e+00 3.522243988203200359e-44 4.003802440984025601e+00 2.568578576765715121e-04 1.159575554989285884e+00
1.007000000000000028e+01 1.592206801894779211e+01 1.581138830084189761e+00 3.522243988203200359e-44 4.003802440984025601e+00 2.545237982701953230e-04 1.159509527989162514e+00
1.008000000000000007e+01 1.593787940724863361e+01 1.581138830084189761e+00 3.522243988203200359e-44 4.003802440984025601e+00 2.522109483894368069e-04 1.159291545099474297e+00
1.008999999999999986e+01 1.595369079554947511e+01 1.581138830084189761e+00 3.522243988203200359e-44 3.901088098985674435e+00 2.499191153039922965e-04 1.159100144984250402e+00
1.010000000000000142e+01 1.596950218385031839e+01 1.581138830084189761e+00 3.522243988203200359e-44 4.003802440984025601e+00 2.476481080348940170e-04 1.122668422719681480e+00
1.010999999999999943e+01 1.598531357215115811e+01 1.581138830084189761e+00 3.522243988203200359e-44 4.003802440984025601e+00 2.453977373385930229e-04 1.158855769618240883e+00
