 #lambday_hw<L>sigma_(t,y)sigma_(x,y)I_t/I_rI_x/I_rh/sigma_(t_y)<L>(MEGNO)y_hw_lb
   9.1600000000000001        1.0813224753685999       0.82481125104038433       0.74582719802856445       0.89732718467712402        99.955865944981127        27.278102175856638       0.88937647807016107       0.82569831794561599        1.0793846205794217     
   9.1699999999999999        1.1029804906652823       0.80408201606642160       0.75309705734252930       0.91103315353393555        82.793971100052161        27.324648094434416       0.87355201737145460       0.79674828023947808        1.1029804906652823     
   9.1799999999999997        1.0907241382905990       0.82841753537676255       0.74447405338287354       0.89916419982910156        86.985597889915837        27.236561541035766       0.89463916681676325       0.82631742061294511        1.0895958261731373     
   9.1900000000000013        1.1431704865898165       0.77053779575307690       0.77913665771484375       0.95312333106994629        135.48779729224964        27.547408636877048       0.84416482342019117       0.78712021339540950        1.1288461109511152     
   9.1999999999999993        1.1317750865376777       0.77602720259885993       0.77432906627655029       0.94009530544281006        112.69678799376288        27.467936703641453       0.84763611462596489       0.79565048801400740        1.1287083500434698     
   9.2100000000000009        1.1026971109743728       0.76781003219225463       0.75024282932281494       0.90669512748718262        358.69186133793971        28.054578353239826       0.83562208725422271       0.75582414400555487        1.1026971109743728     
   9.2199999999999989        1.0920822645104118       0.82033278463741954       0.75248336791992188       0.90036439895629883        73.927042819374407        27.560322369564407       0.87925285841177037       0.82494920511056213        1.0799504709274630     
   9.2300000000000004        1.0918896934185596       0.81133574781620954       0.75127840042114258       0.91051995754241943        121.70828537585298        27.439760425594596       0.87645298841528485       0.81888767170518684        1.0902548797639207     
   9.2400000000000002        1.1031558849999081       0.81898600692003021       0.75662255287170410       0.91169691085815430        88.481556248562413        27.284227029467036       0.88616018520319784       0.82663319784978972        1.0897616048348162     
   9.2500000000000000        1.0904345600287961       0.78312546317939713       0.74983465671539307       0.91110444068908691        163.51777019044800        27.536858289198221       0.84805205264884753       0.77133992084680736        1.0895984775794028     
   9.2599999999999998        1.0906858893956799       0.83123110979071724       0.74604094028472900       0.89327013492584229        78.386485310728787        27.352330464060163       0.89150127882178420       0.83065246264469805        1.0806923988803705     
   9.2699999999999996        1.0914304355810134       0.82835367483818689       0.74819743633270264       0.89980995655059814        94.155062183756641        27.433757964948018       0.89431128729584408       0.82832322065601249        1.0914304355810134     
   9.2800000000000011        1.0910795145754864       0.81045695770665338       0.74947786331176758       0.90297019481658936        66.706828624134246        27.496874217658398       0.87545014084191841       0.80550985678606979        1.0900424142924130     
   9.2899999999999991        1.1297007881454884       0.71382451478372155       0.76978504657745361       0.93534576892852783        197.34372126438410        27.435605934052145       0.77689671654238557       0.74146583840399305        1.1277084975841283     
   9.3000000000000007        1.0778311766599904       0.81298710027502397       0.77007257938385010       0.92939686775207520        95.745597307642043        27.449097348738963       0.87462621692458020       0.81028100819823079        1.0778311766599904     
   9.3100000000000005        1.0896245344074851       0.81682330023361160       0.74584662914276123       0.90481150150299072        78.402763367860189        27.529438433010423       0.88094975293265598       0.80900825453822511        1.0894631412807478     
   9.3200000000000003        1.1297928358566598       0.72809205339972416       0.77135431766510010       0.94284605979919434        175.11214898892342        27.434825615603401       0.79208292704523509       0.73630789044763301        1.1272963035531074     
   9.3300000000000001        1.0788332558453493       0.82530049934089245       0.74102139472961426       0.90072381496429443        76.155027810421942        27.398898564963364       0.88764256933849639       0.82054859919620915        1.0788332558453493     
   9.3399999999999999        1.0797348382375935       0.82363506998903058       0.74304425716400146       0.89958190917968750        102.72113021185521        27.336982176939753       0.88708532999256695       0.82634667506985282        1.0788303789634623     
   9.3500000000000014        1.0787748157010255       0.82277745161498639       0.74264299869537354       0.89968299865722656        88.990784020387352        27.685700650446847       0.88507656990959405       0.82367088471526917        1.0771308808537288     
   9.3599999999999994        1.0892994726537277       0.82233391463319017       0.74702310562133789       0.90215468406677246        89.117982726191698        27.373657628434970       0.88657602920345702       0.82236068712023036        1.0892994726537277     
   9.3700000000000010        1.0904961576743295       0.82597026616961999       0.74778795242309570       0.90022635459899902        80.944178225239526        27.565446519835174       0.89133658202360277       0.82818312082442302        1.0882782706971834     
   9.3799999999999990        1.0784709472454708       0.82338077913404883       0.74217164516448975       0.89757335186004639        100.74454806761192        27.559942865046320       0.88567488466632593       0.81920529608615678        1.0763772533642246     
   9.3900000000000006        1.0918943697083174       0.81467616214185901       0.75035011768341064       0.90791356563568115        80.192687945200518        27.567451857744786       0.87902370119232753       0.81379341004677475        1.0917498539266104     
   9.4000000000000004        1.0902167895021553       0.83082087216792233       0.74595057964324951       0.90032839775085449        82.903739822844045        27.119368691999551       0.89667402861029333       0.83254007580631684        1.0902167895021553     
   9.4100000000000001        1.0782158874910457       0.81715806169196359       0.74461197853088379       0.90346193313598633        96.243942108414871        27.278071176903236       0.87931380264427295       0.81852736868944520        1.0782090226118404     
   9.4199999999999999        1.0794377141214122       0.82405764234281742       0.74269306659698486       0.89867055416107178        84.892140438844137        27.569978633651349       0.88666378651966216       0.82792981447177905        1.0780517664192280     
   9.4299999999999997        1.0875978537075892       0.81795828299986639       0.74583876132965088       0.90653383731842041        82.325125902005198        27.551159358832290       0.88187869543941955       0.81837376345754242        1.0869674549016910     
   9.4400000000000013        1.0764811912806773       0.83139904252876262       0.74120390415191650       0.89493429660797119        76.314277869637905        27.447800132515638       0.89388126600508544       0.82886471134642548        1.0759183801203562     
   9.4499999999999993        1.0880740051754509       0.82557631005307330       0.74599349498748779       0.90069937705993652        89.067222707850334        27.350905019575492       0.88963430292129109       0.82312753747233447        1.0880740051754509     
   9.4600000000000009        1.0794805128614240       0.82368739592261675       0.74822950363159180       0.90408611297607422        79.591002787565643        27.290711807841042       0.88568588563870820       0.82078175556457056        1.0794805128614240     
   9.4699999999999989        1.1258074186736970       0.74839861293267096       0.76615071296691895       0.94024133682250977        198.99136425795265        27.515788598345086       0.81014711668283867       0.76221491908012928        1.1256025957630560     
