   3581.4287329999997     
   3582.9711259999999     
   3614.4392549999998     
   3635.0475990000000     
   3643.8094160000001     
   3648.5776110000002     
   3645.8295479999997     
   3636.4946120000000     
   3662.5927000000001     
   3663.8144899999998     
   3666.3445320000001     
   3664.4578049999996     
   3674.9383619999999     
   3670.6909659999997     
   3656.4341749999999     
   3686.3176090000002     
   3596.1424670000001     
   3609.1163130000000     
   3621.3139200000001     
   3623.2577679999999     
   3629.3900179999996     
   3631.4051220000001     
   3637.1987500000000     
   3643.0562359999999     
   3653.1387399999999     
   3637.8461440000001     
   3659.4871459999999     
   3669.9744569999998     
   3677.6098250000000     
   3665.3755560000000     
   3666.3924769999999     
   3669.4042519999998     
