   230.78909600000000     
   231.57225900000000     
   231.65341999999998     
   231.31379999999999     
   233.48235399999999     
   234.05397500000001     
   233.01976099999999     
   234.82749899999999     
   234.51212100000001     
   232.04085000000001     
   234.12846900000002     
   234.11439500000000     
   235.35583499999998     
   235.43216999999999     
   232.22620400000000     
   231.42913300000001     
   230.38202600000000     
   231.26811999999998     
   231.51632300000000     
   231.96514099999999     
   231.97870800000001     
   231.72104899999999     
   233.88754800000001     
   234.00421900000001     
   234.04015700000002     
   234.55749100000000     
   234.57938300000001     
   234.93920199999999     
   233.41176200000001     
   234.40259399999999     
   229.39241099999998     
   232.21868599999999     
   229.14619100000002     
   230.76878300000001     
   230.89802600000002     
   232.04183900000001     
   232.25110800000002     
   232.98490100000001     
   231.19723099999999     
   233.30431900000002     
   234.73855100000000     
   233.35853200000000     
   233.79461200000000     
   235.46290900000002     
   233.94852200000000     
   233.29580600000000     
   230.71213700000001     
   233.90856900000000     
   226.54517300000001     
   228.88195299999998     
   231.28487600000003     
   230.85667300000000     
   231.79390400000000     
   231.19963800000002     
   232.90622399999998     
   234.30816400000000     
   234.32204800000000     
   233.08856499999999     
   232.90737999999999     
   233.82102000000000     
   233.92649599999999     
   229.97697200000002     
   235.44993700000001     
   231.13155499999999     
   229.54886900000000     
   230.42964600000002     
   230.62954300000001     
   232.20829100000000     
   232.41970400000000     
   232.16878800000001     
   232.81465700000001     
   232.39149699999999     
   234.04308499999999     
   234.30132300000000     
   234.73802400000000     
   232.56859600000001     
   231.66413800000001     
   233.16938999999999     
   233.78268200000002     
   233.52625100000000     
   229.88220600000000     
   229.35492700000000     
   231.14863099999999     
   230.69931399999999     
   231.82613200000000     
   233.13293200000001     
   233.76235900000000     
   231.54204000000001     
   231.61770600000000     
   233.03152499999999     
   234.10012700000001     
   229.93667500000001     
   234.53936000000002     
   232.48075500000002     
   233.35829699999999     
   235.28981700000000     
   225.60942000000000     
   227.64992999999998     
   230.66386199999999     
   230.04119800000001     
   231.19546599999998     
   231.11474699999999     
   231.71285200000000     
   232.91993500000001     
   233.10238900000002     
   233.72458800000001     
   232.95932499999998     
   234.65310699999998     
   234.76069300000000     
   231.36298900000000     
   232.49642899999998     
   229.17546999999999     
   229.87148399999998     
   231.27536700000002     
   231.70297800000000     
   232.13429900000000     
   231.91182699999999     
   231.85810000000001     
   234.36768400000000     
   233.78241899999998     
   234.02978300000001     
   234.40017000000000     
   231.67910799999999     
   234.28776199999999     
   235.43054799999999     
   233.85934900000001     
   236.38085800000002     
   233.05644300000000     
   229.65509000000000     
   231.30445799999998     
   232.30602999999999     
   232.17360500000001     
   233.03130100000001     
   232.89443500000002     
   232.98913800000003     
   232.34867400000002     
   234.31735800000001     
   234.38213800000000     
   234.91114299999998     
   234.80510500000000     
   234.25613100000001     
   235.51961800000001     
   235.26971900000001     
   235.32352399999999     
   229.73680500000000     
   231.37864100000002     
   230.23452700000001     
   230.80757399999999     
   231.42939799999999     
   232.26035199999998     
   233.34094999999999     
   232.36311600000002     
   233.35199200000000     
   233.56304800000001     
   233.78075200000001     
   233.97635900000000     
   234.25537700000001     
   234.43124100000000     
   235.51631300000003     
   234.12759800000001     
   229.25816999999998     
   229.69644800000000     
   231.65817300000001     
   231.19247199999998     
   231.93804399999999     
   232.28453800000000     
   231.68287100000001     
   232.58436699999999     
   233.51331800000000     
   233.32189900000000     
   234.26991599999999     
   234.61665399999998     
   233.53541999999999     
   234.35866899999999     
   235.14698600000000     
   234.08140100000000     
   229.68169100000000     
   230.41372500000000     
   231.03651099999999     
   231.32335999999998     
   231.49706200000000     
   232.15604800000000     
   231.82111100000000     
   231.35875300000001     
   233.34178900000001     
   233.48451999999997     
   233.95191600000001     
   233.53328200000001     
   234.11898099999999     
   234.23323900000000     
   234.31834800000001     
   235.30806600000000     
   230.98058000000000     
   230.91792599999999     
   231.68708000000001     
   232.04295700000000     
   232.48595800000001     
   231.89032300000000     
   232.29299699999999     
   233.84984700000001     
   233.35236399999999     
   233.53224999999998     
   234.01927799999999     
   234.12831299999999     
   234.34468500000000     
   235.48871700000001     
   235.28544399999998     
   234.66445199999998     
   230.78041700000000     
   230.63794399999998     
   231.70327600000002     
   231.99808400000001     
   232.07077500000000     
   232.64027899999999     
   233.72090700000001     
   233.09234100000000     
   233.12414199999998     
   233.87781500000000     
   235.04410100000001     
   234.30552800000001     
   235.42492999999999     
   233.77447400000000     
   234.65667400000001     
   235.52515400000001     
   230.56299799999999     
   231.16225299999999     
   231.53279799999999     
   231.59635299999999     
   231.55396900000000     
   231.88128600000002     
   231.42110199999999     
   233.75369300000000     
   233.97655300000000     
   233.80284300000000     
   232.43494300000000     
   233.78635299999999     
   233.73455500000000     
   234.79160099999999     
   234.41132199999998     
   235.11951100000002     
   230.31671000000000     
   230.77264700000001     
   230.83727300000001     
   231.65853099999998     
   231.83832199999998     
   232.14260800000000     
   232.34220700000000     
   232.82906799999998     
   231.90738700000000     
   232.90786000000000     
   231.94214900000000     
   233.27823200000000     
   233.70651199999998     
   234.74043100000000     
   234.62875399999999     
   233.94790600000002     
   229.72442500000002     
   231.22866700000000     
   230.88223600000001     
   232.02502600000000     
   231.99167599999998     
   231.67721000000000     
   230.70159600000000     
   232.89550100000000     
   232.77612399999998     
   233.06115600000001     
   232.72177400000001     
   234.86418000000000     
   235.01249999999999     
   234.96505600000000     
   234.99261400000000     
   235.09398800000002     
   229.36932200000001     
   231.20784700000002     
   231.40836800000000     
   232.15833499999999     
   232.44224100000000     
   232.91992900000000     
   230.97818400000000     
   233.49586800000000     
   233.64375200000001     
   233.59108300000000     
   233.78846900000002     
   234.21820500000001     
   233.56631300000001     
   233.74481299999999     
   235.43634200000000     
   235.39683099999999     
   229.47047300000000     
   231.94649600000000     
   231.12934200000001     
   232.45938699999999     
   233.36067900000000     
   233.18046600000000     
   233.37600000000000     
   231.58990600000001     
   234.32763299999999     
   234.06031400000001     
   234.05788799999999     
   234.88330999999999     
   234.78581199999999     
   233.72942499999999     
   234.82005200000000     
   235.96366100000000     
   231.96838000000000     
   231.60098099999999     
   232.19582500000001     
   232.16659500000000     
   233.28419800000000     
   232.59490600000001     
   233.16188900000000     
   234.19644200000002     
   234.59922899999998     
   233.79054400000001     
   235.16432100000000     
   234.38873199999998     
   235.05373499999999     
   235.19522400000000     
   235.49619400000000     
   235.94689900000000     
   230.10761099999999     
   230.77418399999999     
   231.50780100000000     
   231.33768899999998     
   232.03520100000000     
   231.21841900000001     
   232.22887000000000     
   232.90759199999999     
   233.97289200000000     
   233.84768499999998     
   232.33744300000001     
   233.18163999999999     
   233.67540800000000     
   234.74583600000000     
   235.10557200000000     
   235.62038400000000     
   230.84695600000001     
   231.32409500000000     
   231.67101400000001     
   231.54410899999999     
   231.96876000000000     
   231.40209100000001     
   232.94822199999999     
   233.55001999999999     
   233.46093500000001     
   233.93295400000000     
   233.79731500000000     
   234.35454799999999     
   234.67772699999998     
   234.94713600000000     
   234.85236399999999     
   234.51387000000000     
   229.94528600000001     
   232.38963099999998     
   232.91968199999999     
   232.56207400000000     
   232.41233900000000     
   232.73961000000000     
   234.31490499999998     
   233.27120700000000     
   234.19084200000000     
   232.63887599999998     
   234.30687499999999     
   234.65610599999999     
   234.99509100000000     
   235.74747700000000     
   235.96842300000000     
   235.64527199999998     
   230.10601100000000     
   231.21996400000000     
   230.80527100000000     
   232.13370799999998     
   232.11506000000000     
   232.63386299999999     
   230.94058200000001     
   232.31440400000000     
   233.24127999999999     
   234.57266899999999     
   234.77218100000002     
   232.61008800000002     
   233.64929500000000     
   234.79795400000000     
   234.16543000000001     
   235.72996599999999     
   230.33664899999999     
   231.44354300000001     
   231.77294300000000     
   232.03261100000000     
   230.38898799999998     
   232.28370900000002     
   232.57615399999997     
   233.13994199999999     
   231.70358400000001     
   232.95651500000000     
   233.83338799999999     
   233.22833400000002     
   234.44746100000000     
   234.20019700000000     
   234.89927000000000     
   234.49061100000000     
   230.14408299999999     
   231.81594400000000     
   230.79715300000001     
   232.17641899999998     
   231.65904599999999     
   232.65149500000001     
   231.66161499999998     
   232.23767100000001     
   233.70044300000001     
   233.82116900000000     
   233.89074599999998     
   233.86349200000001     
   233.47670499999998     
   234.25135100000000     
   234.57233199999999     
   235.01502499999998     
   231.16709100000000     
   231.89680300000001     
   231.47342000000000     
   232.06422000000001     
   232.65562699999998     
   232.10136700000001     
   232.70399500000002     
   234.10231800000000     
   234.26702200000003     
   234.42471200000000     
   234.16052299999998     
   234.17349600000000     
   235.13568300000000     
   234.28307899999999     
   235.48591900000000     
   234.90648500000000     
   229.36517699999999     
   232.18226300000001     
   232.12592200000000     
   231.67944800000001     
   232.98276500000000     
   233.18680200000000     
   232.25488700000002     
   232.72890899999999     
   233.18763500000000     
   234.40112199999999     
   234.33164099999999     
   234.97988200000000     
   234.24386899999999     
   234.87770499999999     
   235.20096899999999     
   234.95314900000000     
   230.51092599999998     
   230.56840099999999     
   231.19512699999999     
   231.33025300000000     
   232.12988299999998     
   231.51508899999999     
   232.91431299999999     
   233.56105699999998     
   231.65600700000002     
   233.88855899999999     
   233.17870800000000     
   233.92670799999999     
   234.55905500000000     
   234.78590400000002     
   235.04736100000000     
   234.37193200000002     
   230.30449199999998     
   230.92765299999999     
   230.72157199999998     
   231.24026000000001     
   232.18037800000002     
   232.19992600000000     
   232.73970100000003     
   233.11877000000001     
   233.29959200000002     
   231.96560300000002     
   234.14252800000000     
   234.33612500000001     
   233.54420999999999     
   234.78220200000001     
   233.16115600000001     
   235.20943000000000     
