   904.40047700000002     
   909.18121599999995     
   911.30752800000005     
   911.68945300000007     
   915.88359000000003     
   914.67236400000002     
   919.13544600000000     
   922.16636200000005     
   922.98603600000001     
   922.96564699999999     
   924.00294099999996     
   924.26470800000004     
   928.91998300000000     
   929.59483699999998     
   929.86453499999993     
   925.90090400000008     
   910.14253200000007     
   909.90521200000001     
   911.22793500000000     
   911.30508899999995     
   916.52252299999998     
   916.80660100000000     
   918.23255599999993     
   918.52415099999996     
   920.01289599999996     
   920.89968599999997     
   923.63809100000003     
   925.26676300000008     
   925.28288099999997     
   927.81428100000005     
   929.22689300000002     
   918.94981000000007     
   900.78685199999995     
   906.31623600000000     
   912.60463899999991     
   912.50417799999991     
   915.42371400000002     
   913.35250700000006     
   918.18340000000001     
   919.09262300000000     
   920.97018400000002     
   923.70658200000003     
   922.95208099999991     
   925.93838700000003     
   916.81085300000007     
   927.21881800000006     
   927.61492399999997     
   928.47861000000000     
   907.97916700000007     
   910.81647499999997     
   912.25187500000004     
   915.93881300000010     
   915.89884599999993     
   916.66546000000005     
   914.06493499999999     
   919.80718300000001     
   919.28829000000007     
   923.69540800000004     
   925.50052599999992     
   927.05862099999990     
   927.32914200000005     
   928.64656000000002     
   929.75645699999995     
   920.95396299999993     
   907.52200300000004     
   908.20226200000002     
   910.87724800000001     
   911.17535600000008     
   913.98794200000009     
   916.61910599999999     
   921.16992700000003     
   920.80169100000001     
   922.46241700000007     
   923.62292900000000     
   922.77925600000003     
   925.01740100000006     
   925.36757200000000     
   925.32033999999999     
   916.44176299999992     
   922.29863300000000     
   907.93609500000002     
   908.35163000000000     
   910.95676300000002     
   915.12540899999999     
   912.39854300000002     
   916.27338399999996     
   916.51514399999996     
   919.29296599999998     
   921.35099400000001     
   921.78083799999990     
   925.29485399999999     
   926.32665799999995     
   926.42205999999999     
   926.72690000000000     
   926.74148400000001     
   923.04625399999998     
   899.53361100000006     
   903.25820099999999     
   906.55158400000005     
   912.13628599999993     
   914.21647500000006     
   915.08535200000006     
   918.60863400000005     
   912.93444800000009     
   920.11813400000005     
   914.17570999999998     
   923.51286100000004     
   924.59357299999999     
   924.71024799999998     
   926.62450799999999     
   927.14699599999994     
   927.28873799999997     
   907.94036499999993     
   908.41098999999997     
   909.74506299999996     
   911.06504400000006     
   919.23045900000000     
   918.89093800000001     
   921.92839600000002     
   922.10496799999999     
   922.76122099999998     
   914.75558699999999     
   925.64449499999989     
   922.14572699999997     
   926.20223199999998     
   926.89254899999992     
   929.26092199999994     
   930.03619800000001     
   908.10498499999994     
   904.99621400000001     
   912.50796400000002     
   915.39661999999998     
   917.65054699999996     
   918.02253799999994     
   919.38406899999995     
   920.41829300000006     
   921.41030400000000     
   920.31555800000001     
   926.29239299999995     
   926.91193899999996     
   926.62427900000000     
   927.50009000000000     
   918.41475599999990     
   929.60340000000008     
   905.31280400000003     
   910.56039800000008     
   912.16551000000004     
   915.14841600000000     
   917.40561600000001     
   913.62933299999997     
   917.87860899999998     
   917.91845599999999     
   920.87882700000000     
   914.03376300000002     
   923.72198500000002     
   926.15289700000005     
   926.82877099999996     
   926.87179600000002     
   927.35631000000001     
   928.74237499999992     
   907.08241399999997     
   911.82074000000000     
   913.23752999999999     
   913.35056399999996     
   915.27374099999997     
   913.44115100000010     
   917.64129400000002     
   918.43228099999999     
   921.32615299999998     
   922.74545300000000     
   922.08623200000000     
   921.75024599999995     
   925.41286300000002     
   926.52757599999995     
   928.63001100000008     
   924.32855799999993     
   903.37651100000005     
   911.12438299999997     
   913.50763899999993     
   917.42370100000005     
   911.22304099999997     
   917.79770500000006     
   918.80602199999998     
   920.18794100000002     
   922.18881299999998     
   924.93607199999997     
   925.05152299999997     
   921.85026399999992     
   925.66383100000007     
   926.34795299999996     
   925.42318200000000     
   925.41571299999998     
   907.39721199999997     
   913.35701199999994     
   913.96115499999996     
   910.69120499999997     
   918.46800299999995     
   917.18365300000005     
   919.83520299999998     
   918.15019700000005     
   918.96350200000006     
   918.71315800000002     
   924.06344300000001     
   926.40292599999998     
   927.11238800000001     
   927.68621599999994     
   927.54342400000007     
   930.02760000000001     
   914.34863900000005     
   914.96677999999997     
   915.24203699999998     
   915.23364100000003     
   915.52797999999996     
   914.88629800000001     
   917.05498499999999     
   912.22742000000005     
   923.87641500000007     
   924.60753399999999     
   924.82872199999997     
   927.92193999999995     
   928.24160299999994     
   928.72913199999994     
   928.57575099999997     
   929.74672799999996     
   909.47077800000000     
   914.47108900000001     
   916.89808299999993     
   917.24982599999998     
   917.34561299999996     
   917.62886600000002     
   918.30349600000000     
   918.53089699999998     
   914.71102299999995     
   922.13737499999991     
   923.16269599999998     
   924.88626899999997     
   928.41485599999999     
   928.90051199999994     
   929.05579200000000     
   922.28742999999997     
   908.11825099999999     
   914.49651900000003     
   913.65333799999996     
   914.71539100000007     
   918.11658499999999     
   916.40960400000006     
   919.12388599999997     
   921.44690100000003     
   924.65070700000001     
   924.11823200000003     
   911.90229899999997     
   926.73178799999994     
   927.13282200000003     
   927.75000100000000     
   929.08398999999997     
   930.23489700000005     
   909.00318800000002     
   910.85312099999999     
   913.81164200000001     
   908.59006799999997     
   916.22604999999999     
   916.15525700000001     
   917.65720300000010     
   919.58589300000006     
   920.59779600000002     
   921.09065899999996     
   922.74489699999992     
   923.41600799999992     
   926.65884399999993     
   927.40850100000000     
   927.63107600000001     
   921.86590699999999     
   895.19091400000002     
   906.11808800000006     
   908.55508199999997     
   908.70894100000010     
   909.44375000000002     
   913.08880799999997     
   915.26299299999994     
   917.74307199999998     
   915.95545900000002     
   921.35795900000005     
   921.39809700000001     
   925.70538399999998     
   925.13227100000006     
   925.11580900000001     
   926.97901300000001     
   915.67384799999991     
   908.85151500000006     
   909.27673400000003     
   909.97512600000005     
   912.72956699999997     
   918.20037500000001     
   913.35178700000006     
   917.48411899999996     
   920.33311499999991     
   920.22434099999998     
   920.83637899999997     
   924.70468700000004     
   924.45926200000008     
   925.30359599999997     
   926.11520100000007     
   929.40613499999995     
   924.80885799999999     
   907.51896999999997     
   907.85806100000002     
   911.78229100000010     
   914.00840400000004     
   917.52492000000007     
   915.60200199999997     
   921.44276900000000     
   921.01763300000005     
   917.97593499999994     
   923.53443200000004     
   923.96023400000001     
   922.51003900000001     
   927.06016199999999     
   925.03128100000004     
   928.41674200000000     
   929.88943599999993     
   909.11601600000006     
   910.39624400000002     
   911.99696400000005     
   916.69127100000003     
   916.05524800000001     
   911.96681100000001     
   919.05285299999991     
   919.71415800000000     
   920.46287700000005     
   922.12717999999995     
   926.27497099999994     
   926.35961799999995     
   924.08727799999997     
   925.98427600000002     
   929.67471100000000     
   931.99713400000007     
   907.82016799999997     
   908.67762699999992     
   915.30273799999998     
   915.04878699999995     
   913.58418999999992     
   916.54410599999994     
   918.31232000000000     
   919.71141900000009     
   916.68593299999998     
   925.20320000000004     
   924.92290800000001     
   925.71569599999998     
   925.93166700000006     
   925.93294700000001     
   928.72266100000002     
   924.37453299999993     
   907.13904700000001     
   913.14664799999991     
   915.18153499999994     
   911.37549899999999     
   916.57178799999997     
   917.76949600000000     
   920.21854900000005     
   920.22016399999995     
   921.54658399999994     
   924.01257999999996     
   924.89593400000001     
   927.12018600000010     
   925.97188000000006     
   927.42138799999998     
   922.64442100000008     
   927.62830400000007     
   908.12511000000006     
   910.15672400000005     
   911.20512900000006     
   912.01970099999994     
   912.84660399999996     
   921.04460500000005     
   920.92746699999998     
   919.37342999999998     
   915.92211499999996     
   923.97749899999997     
   924.19554900000003     
   922.37440500000002     
   924.93499599999996     
   928.21109199999989     
   926.69036899999992     
   929.04251999999997     
   907.32386200000008     
   908.86505199999999     
   910.94366900000000     
   914.30889100000002     
   917.34298999999999     
   915.63656300000002     
   918.60093399999994     
   918.79151200000001     
   921.52222799999993     
   924.67288299999996     
   923.73125600000003     
   923.29474100000004     
   926.41708099999994     
   924.34047299999997     
   927.64327700000001     
   923.56559800000002     
   908.65924099999995     
   910.65114100000005     
   912.36527599999999     
   913.31640900000002     
   915.27714400000002     
   915.70464199999992     
   918.97608900000000     
   920.43766200000005     
   915.72467100000006     
   921.86678200000006     
   923.67368299999998     
   917.94347000000005     
   925.76083299999993     
   928.13003400000002     
   929.01076100000000     
   942.94546900000000     
   907.03711699999997     
   908.67387999999994     
   909.38154300000008     
   910.00949800000001     
   913.18767099999991     
   918.96597799999995     
   919.01602300000002     
   921.26364400000000     
   921.97023300000001     
   924.51399300000003     
   925.89572399999997     
   926.52122499999996     
   925.26364899999999     
   927.95299000000000     
   928.94571399999995     
   921.51131099999998     
   907.97851300000002     
   909.91104700000005     
   913.36965900000007     
   912.15759400000002     
   914.70555400000001     
   916.46263299999998     
   917.36475699999994     
   923.93026399999997     
   923.81309900000008     
   924.27806899999996     
   917.59285199999999     
   925.19573000000003     
   926.92649499999993     
   927.20363199999997     
   930.07453399999997     
   926.65114800000003     
   904.44784300000003     
   905.17618000000004     
   910.28812399999993     
   914.01737500000002     
   913.05587100000002     
   917.77398799999992     
   917.39600700000005     
   920.21118000000001     
   920.95668599999999     
   921.20675400000005     
   923.78327500000000     
   921.43947199999991     
   924.58913499999994     
   924.73427099999992     
   927.59339999999997     
   928.12737000000004     
   909.97451300000000     
   909.47805000000005     
   912.22366399999999     
   913.45467399999995     
   915.45983200000001     
   914.06635599999993     
   914.67246100000000     
   920.83476900000005     
   921.73594900000001     
   919.93367000000001     
   922.69859800000006     
   924.43408400000010     
   925.72045500000002     
   924.69565000000000     
   929.40827700000000     
   929.71935399999995     
