   455.58339100000001     
   456.11376400000000     
   457.16081000000003     
   460.09245499999997     
   459.85220600000002     
   462.12172399999997     
   461.63065999999998     
   464.32684899999998     
   463.88580600000000     
   460.61987500000004     
   462.85166600000002     
   465.58423800000003     
   466.00630799999999     
   465.85462200000001     
   466.07820500000003     
   464.87000100000000     
   453.63422800000001     
   455.83068299999996     
   454.89276500000000     
   459.69199900000001     
   459.75092100000001     
   460.63113599999997     
   460.37766599999998     
   459.87489900000003     
   463.56923999999998     
   464.62162300000000     
   460.57738200000000     
   463.59586200000001     
   466.09601700000002     
   466.36923100000001     
   465.55667199999999     
   470.21979299999998     
   454.96253600000000     
   455.64646100000004     
   458.65170300000000     
   459.25293600000003     
   455.81628599999999     
   460.99636900000002     
   461.68447200000003     
   460.43956800000001     
   461.19913600000001     
   464.11741100000000     
   465.03341300000000     
   465.57688200000001     
   465.57886400000001     
   465.23350599999998     
   465.35108800000000     
   465.84019200000000     
   452.97506900000002     
   454.04253100000000     
   456.64918599999999     
   457.81259100000000     
   459.90754300000003     
   461.36231800000002     
   462.05451699999998     
   461.93880799999999     
   464.12127799999996     
   464.79435400000000     
   465.55752799999999     
   464.79203300000000     
   463.03642500000001     
   465.69582500000001     
   461.66556500000002     
   465.25693999999999     
   456.00848000000002     
   456.05874699999998     
   460.29468800000001     
   460.68722299999996     
   461.92864599999996     
   461.52199200000001     
   462.73086999999998     
   463.60636499999998     
   461.20718700000003     
   466.00664699999999     
   466.35078700000003     
   465.18274900000000     
   467.09186099999999     
   467.16982800000000     
   466.84466399999997     
   465.77219799999995     
   452.38167899999996     
   454.69574899999998     
   457.66477700000002     
   456.41924699999998     
   458.19152300000002     
   459.79727700000001     
   461.92041699999999     
   462.44690400000002     
   462.75863200000003     
   463.31022400000001     
   463.54939700000000     
   464.22083500000002     
   464.91902199999998     
   461.05122699999998     
   464.23898099999997     
   466.14239400000002     
   454.17120000000000     
   456.15907400000003     
   459.96728200000001     
   458.85450700000001     
   459.75222600000001     
   462.35001900000003     
   462.21005199999996     
   462.66205400000001     
   464.74236400000001     
   464.94141300000001     
   465.17867799999999     
   464.90640700000000     
   464.51016900000002     
   466.12881899999996     
   465.41826000000003     
   466.94240000000002     
   454.82381599999997     
   456.57552600000002     
   456.92190700000003     
   457.72882900000002     
   458.93379900000002     
   457.35117800000000     
   462.16750200000001     
   462.34096199999999     
   462.62996700000002     
   463.55581899999999     
   464.15800300000001     
   463.99333100000001     
   465.18731900000000     
   465.82825900000000     
   466.16196400000001     
   462.43152800000001     
   453.23090999999999     
   453.86850600000002     
   454.59206499999999     
   456.05246300000005     
   459.88137899999998     
   460.09513900000002     
   460.61516200000000     
   462.75752699999998     
   463.12723899999997     
   463.40743299999997     
   464.07927599999999     
   462.73596499999996     
   464.74131599999998     
   465.09641200000004     
   465.72284600000000     
   467.86237299999999     
   453.70317899999998     
   454.14886400000000     
   457.16967000000000     
   458.79984899999999     
   459.91424699999999     
   461.47428500000001     
   461.67576699999995     
   461.76974400000000     
   462.72910400000001     
   463.36673800000000     
   464.78282700000000     
   465.07330300000001     
   465.16706300000004     
   465.34426599999995     
   463.58909799999998     
   464.38400600000000     
   452.57380999999998     
   452.95202900000004     
   456.59686399999998     
   458.12630900000005     
   460.34230600000001     
   459.85659499999997     
   462.59042300000004     
   463.15746899999999     
   463.66224400000004     
   463.52081900000002     
   464.08005400000002     
   465.04287999999997     
   464.49666200000001     
   466.57916899999998     
   464.05798200000004     
   465.54474699999997     
   453.72880800000001     
   459.07297000000000     
   457.53919900000000     
   460.68053199999997     
   461.45550100000003     
   462.16503500000005     
   464.03967200000000     
   464.59876500000001     
   465.09510900000004     
   464.02254599999998     
   465.79758799999996     
   465.85196400000001     
   466.26483600000000     
   464.99746199999998     
   466.81459200000000     
   466.99292600000001     
   454.60226200000000     
   455.14137899999997     
   458.02004599999998     
   458.27446300000003     
   458.89516599999996     
   459.72354799999999     
   460.14733899999999     
   461.01898299999999     
   462.04122000000001     
   462.74977900000005     
   462.18588900000003     
   463.25646200000000     
   466.03074299999997     
   466.10335099999998     
   466.12809399999998     
   464.19536699999998     
   456.25230199999999     
   455.75480999999996     
   458.41301899999996     
   459.50516600000003     
   460.54335600000002     
   462.23538300000001     
   462.49486000000002     
   462.95758599999999     
   457.92925600000001     
   463.96414199999998     
   463.91722899999996     
   463.93694700000003     
   464.62599000000000     
   465.30359600000003     
   465.53491600000001     
   465.94792400000000     
   452.41725299999996     
   454.05939200000000     
   457.65580499999999     
   458.20374099999998     
   459.21902600000004     
   460.08888200000001     
   462.48620399999999     
   463.56966799999998     
   463.91753599999998     
   464.02680500000002     
   464.55466300000001     
   464.96302100000003     
   465.81979100000001     
   466.10351199999997     
   464.09887600000002     
   463.44637799999998     
   454.00624700000003     
   455.21765699999997     
   456.83554700000002     
   458.40728400000000     
   457.99430799999999     
   460.67350300000004     
   460.65876200000002     
   462.63164599999999     
   462.33316200000002     
   463.11629899999997     
   463.23091699999998     
   463.98079899999999     
   464.41215199999999     
   464.78656699999999     
   464.92057599999998     
   462.14384600000000     
   452.96018499999997     
   455.21169499999996     
   457.20469900000001     
   457.81561199999999     
   457.58477100000005     
   459.92276500000003     
   460.12869100000000     
   461.06240000000003     
   462.44478399999997     
   462.94062800000000     
   463.76225199999999     
   463.91454700000003     
   464.26846200000000     
   462.45221299999997     
   465.37147899999997     
   462.82995699999998     
   455.00263000000001     
   455.48306700000001     
   458.01217800000001     
   457.26984700000003     
   458.34380499999997     
   459.54309400000000     
   462.12491199999999     
   462.63704300000001     
   462.38199000000003     
   463.64121699999998     
   463.66139099999998     
   463.67638299999999     
   465.59777500000001     
   466.06031999999999     
   464.49048599999998     
   463.16753399999999     
   453.08323999999999     
   453.18803800000001     
   456.02188400000000     
   457.54440199999999     
   458.12974199999996     
   460.51076800000004     
   461.34114999999997     
   460.94056700000004     
   463.44501600000001     
   464.35395199999999     
   464.51572000000004     
   464.57341499999995     
   465.30817199999996     
   466.00522100000001     
   463.82211500000000     
   461.39320099999998     
   453.78857900000003     
   456.55943700000000     
   458.07476000000003     
   458.16271899999998     
   458.11287100000004     
   458.86872199999999     
   460.59372600000000     
   461.90498099999996     
   463.20096100000001     
   463.06378800000005     
   464.10852899999998     
   464.77780300000001     
   464.92151099999995     
   465.53353900000002     
   463.89376600000003     
   463.61797200000001     
   451.52668299999999     
   456.84298500000000     
   456.30983400000002     
   459.18171899999999     
   460.46448399999997     
   461.72172000000000     
   462.02471900000000     
   462.77625700000004     
   463.24852699999997     
   463.06689800000004     
   459.50117699999998     
   463.99650200000002     
   463.20209299999999     
   464.32270100000000     
   465.76089600000000     
   466.73363499999999     
   454.68842599999999     
   456.17675600000001     
   458.39225800000003     
   458.72288099999997     
   459.52231600000005     
   458.96776800000004     
   459.17312900000002     
   461.17993899999999     
   464.14588000000003     
   463.64782900000000     
   464.33652099999995     
   464.33390199999997     
   464.93667899999997     
   465.62646999999998     
   465.84937200000002     
   462.29038900000000     
   455.36919499999999     
   456.54327699999999     
   457.28556400000002     
   456.57949100000002     
   459.86768599999999     
   460.13924199999997     
   460.64343600000001     
   461.76298700000001     
   462.24869800000005     
   463.68650800000000     
   464.01824699999997     
   464.44895900000000     
   464.28159300000004     
   461.23338100000001     
   466.14736299999998     
   463.36298299999999     
   452.97960300000000     
   454.55059000000000     
   457.62121700000000     
   457.58422700000000     
   461.07384200000001     
   461.54981600000002     
   461.75662899999998     
   462.66634699999997     
   463.51827800000001     
   463.52825899999999     
   458.44295599999998     
   463.91398600000002     
   463.42931400000003     
   465.77595500000001     
   465.86144200000001     
   466.94155400000000     
   456.19015500000000     
   456.17634500000003     
   457.04506300000003     
   457.72729899999996     
   460.73738799999995     
   462.07813399999998     
   462.69141900000000     
   463.02964300000002     
   460.86580999999995     
   459.79690600000004     
   464.28544100000005     
   465.57781999999997     
   466.32194799999996     
   464.91373099999998     
   466.65249800000004     
   465.59949400000005     
   455.19719900000001     
   457.78726999999998     
   459.15403200000003     
   459.17510899999996     
   458.12218700000000     
   461.45788400000004     
   461.36497800000001     
   463.25400400000001     
   462.85016800000000     
   463.95726999999999     
   463.93710299999998     
   461.62184099999996     
   464.68494899999996     
   465.11730100000000     
   464.21589299999999     
   464.84703200000001     
   454.13785400000000     
   455.85301399999997     
   454.86786699999999     
   458.10118399999999     
   459.48002600000001     
   460.11381499999999     
   460.61660000000001     
   460.81121100000001     
   462.70951800000000     
   463.10347500000000     
   463.52774000000005     
   464.94978100000003     
   465.43373100000002     
   466.18056799999999     
   467.03905700000001     
   463.14078699999999     
   455.08615300000002     
   456.51034199999998     
   458.70907000000000     
   459.31218000000001     
   459.47323399999999     
   460.43772000000001     
   460.67313200000001     
   462.72731999999996     
   463.74444099999999     
   463.50185099999999     
   465.47948500000001     
   465.45456300000001     
   464.99274500000001     
   466.02903600000002     
   462.64310100000000     
   463.31827399999997     
   451.71830000000000     
   454.82805800000000     
   456.69436800000000     
   458.80905600000000     
   458.86189600000000     
   460.93906700000002     
   462.08616300000000     
   462.72109000000000     
   463.27872300000001     
   463.68910000000000     
   463.74028399999997     
   464.03258299999999     
   461.12710499999997     
   464.79334299999999     
   465.54265700000002     
   464.92674799999998     
   450.23674599999998     
   453.97915699999999     
   457.18452499999995     
   458.14716099999998     
   459.45406900000000     
   460.00260300000002     
   460.91064400000005     
   462.38182200000000     
   462.71161899999998     
   463.87655699999999     
   464.00453900000002     
   460.89709299999998     
   465.01250399999998     
   465.35377999999997     
   466.32877700000000     
   466.10653300000001     
   461.28112800000002     
   461.38318599999997     
   464.65724100000000     
   462.13618800000000     
   464.96551299999999     
   463.82552900000002     
   468.14150200000000     
   468.17025200000000     
   469.20438799999999     
   468.63242700000001     
   467.44871400000000     
   467.63029000000000     
   471.60543799999999     
   471.70005400000002     
   472.67323700000003     
   472.85716800000000     
   456.51887700000003     
   462.19784700000002     
   463.95860599999997     
   464.98365200000001     
   461.15446499999996     
   467.16480799999999     
   467.87820399999998     
   468.14495199999999     
   468.31111400000003     
   469.09032600000000     
   469.76285499999994     
   468.47096399999998     
   469.17826700000001     
   470.51100100000002     
   470.00595399999997     
   471.04934500000002     
   458.47207199999997     
   458.66437600000000     
   460.87917300000004     
   462.82209100000000     
   466.66394900000000     
   468.83777000000003     
   464.82444200000003     
   465.42220499999996     
   468.58662700000002     
   469.32726900000000     
   472.10118199999999     
   470.85242499999998     
   469.83158899999995     
   470.92260899999997     
   471.96178199999997     
   473.38445800000000     
   460.23031199999997     
   462.20774000000000     
   467.86178300000000     
   464.50203300000004     
   469.21940000000001     
   465.29802699999999     
   471.92837800000001     
   467.38110999999998     
   469.43895099999997     
   471.85080899999997     
   467.58519999999999     
   467.95926300000002     
   474.47376100000002     
   469.90550300000001     
   472.31029699999999     
   478.38909000000001     
   463.66034400000001     
   465.59624100000002     
   473.28786900000000     
   465.99230799999998     
   469.66454099999999     
   469.59652000000000     
   472.37759399999999     
   468.05280400000004     
   472.77245599999998     
   472.91655100000003     
   473.88221699999997     
   472.61372700000004     
   469.62343300000003     
   470.99847999999997     
   471.29748200000000     
   479.37347499999998     
   461.05320499999999     
   467.26610199999999     
   469.75031400000000     
   471.74449700000002     
   471.02063100000004     
   467.08731899999998     
   471.07791699999996     
   470.60560300000003     
   472.53201700000000     
   475.21891299999999     
   472.60626300000001     
   471.89129200000002     
   473.82651800000002     
   472.85818300000000     
   472.41042999999996     
   463.77578199999999     
